,文番号,表層,品詞1,品詞2,品詞3,品詞4,原型,posID
0,0,計測,名詞,サ変接続,*,*,計測,36
2,0,基礎,名詞,一般,*,*,基礎,38
4,0,計測,名詞,サ変接続,*,*,計測,36
6,0,意義,名詞,一般,*,*,意義,38
8,0,計測器,名詞,固有名詞,一般,*,計測器,41
10,0,性能,名詞,一般,*,*,性能,38
12,0,示す,動詞,自立,*,*,示す,31
13,0,指標,名詞,一般,*,*,指標,38
15,0,誤差,名詞,一般,*,*,誤差,38
17,0,有効数字,名詞,固有名詞,一般,*,有効数字,41
20,0,表示,名詞,サ変接続,*,*,表示,36
22,0,単位,名詞,一般,*,*,単位,38
24,0,標準,名詞,一般,*,*,標準,38
26,0,計測,名詞,サ変接続,*,*,計測,36
28,0,意義,名詞,一般,*,*,意義,38
30,0,計測器,名詞,固有名詞,一般,*,計測器,41
32,0,性能,名詞,一般,*,*,性能,38
34,0,示す,動詞,自立,*,*,示す,31
35,0,指標,名詞,一般,*,*,指標,38
37,0,誤差,名詞,一般,*,*,誤差,38
39,0,有効数字,名詞,固有名詞,一般,*,有効数字,41
42,0,表示,名詞,サ変接続,*,*,表示,36
44,0,単位,名詞,一般,*,*,単位,38
46,0,標準,名詞,一般,*,*,標準,38
49,0,計測,名詞,サ変接続,*,*,計測,36
51,0,基礎,名詞,一般,*,*,基礎,38
53,0,説明,名詞,サ変接続,*,*,説明,36
54,0,雑音,名詞,一般,*,*,雑音,38
56,0,雑音,名詞,一般,*,*,雑音,38
58,0,種類,名詞,一般,*,*,種類,38
60,0,SN比,名詞,固有名詞,一般,*,SN比,41
62,0,検出限界,名詞,固有名詞,一般,*,検出限界,41
64,0,雑音指数,名詞,固有名詞,一般,*,雑音指数,41
66,0,雑音,名詞,一般,*,*,雑音,38
68,0,除去,名詞,サ変接続,*,*,除去,36
70,0,雑音,名詞,一般,*,*,雑音,38
72,0,種類,名詞,一般,*,*,種類,38
74,0,SN比,名詞,固有名詞,一般,*,SN比,41
76,0,検出限界,名詞,固有名詞,一般,*,検出限界,41
78,0,雑音指数,名詞,固有名詞,一般,*,雑音指数,41
80,0,雑音,名詞,一般,*,*,雑音,38
82,0,除去,名詞,サ変接続,*,*,除去,36
85,0,雑音,名詞,一般,*,*,雑音,38
87,0,説明,名詞,サ変接続,*,*,説明,36
88,0,アナログ,名詞,一般,*,*,アナログ,38
89,0,量,名詞,接尾,一般,*,量,51
91,0,扱い,動詞,自立,*,*,扱う,31
94,0,演算,名詞,サ変接続,*,*,演算,36
95,0,増幅器,名詞,一般,*,*,増幅器,38
97,0,内部抵抗,名詞,固有名詞,一般,*,内部抵抗,41
99,0,フィルタ,名詞,一般,*,*,フィルタ,38
101,0,演算,名詞,サ変接続,*,*,演算,36
102,0,増幅器,名詞,一般,*,*,増幅器,38
104,0,内部抵抗,名詞,固有名詞,一般,*,内部抵抗,41
106,0,フィルタ,名詞,一般,*,*,フィルタ,38
109,0,アナログ,名詞,一般,*,*,アナログ,38
110,0,量,名詞,接尾,一般,*,量,51
112,0,扱い,名詞,サ変接続,*,*,扱い,36
113,0,方,名詞,接尾,一般,*,方,51
115,0,説明,名詞,サ変接続,*,*,説明,36
116,0,ディジタル,名詞,一般,*,*,ディジタル,38
117,0,量,名詞,接尾,一般,*,量,51
119,0,扱い,動詞,自立,*,*,扱う,31
122,0,2進法,名詞,固有名詞,一般,*,2進法,41
126,0,法,名詞,接尾,一般,*,法,51
130,0,法,名詞,接尾,一般,*,法,51
132,0,データ,名詞,一般,*,*,データ,38
134,0,符号化,名詞,固有名詞,一般,*,符号化,41
136,0,データ,名詞,一般,*,*,データ,38
137,0,変換,名詞,サ変接続,*,*,変換,36
139,0,伝送,名詞,サ変接続,*,*,伝送,36
140,0,方式,名詞,一般,*,*,方式,38
142,0,2進法,名詞,固有名詞,一般,*,2進法,41
146,0,法,名詞,接尾,一般,*,法,51
150,0,法,名詞,接尾,一般,*,法,51
152,0,データ,名詞,一般,*,*,データ,38
154,0,符号化,名詞,固有名詞,一般,*,符号化,41
156,0,データ,名詞,一般,*,*,データ,38
157,0,変換,名詞,サ変接続,*,*,変換,36
159,0,伝送,名詞,サ変接続,*,*,伝送,36
160,0,方式,名詞,一般,*,*,方式,38
163,0,ディジタル,名詞,一般,*,*,ディジタル,38
164,0,量,名詞,接尾,一般,*,量,51
166,0,扱い,名詞,サ変接続,*,*,扱い,36
167,0,方,名詞,接尾,一般,*,方,51
169,0,学ぶ,動詞,自立,*,*,学ぶ,31
170,0,電圧,名詞,一般,*,*,電圧,38
172,0,電流,名詞,一般,*,*,電流,38
174,0,測定,名詞,サ変接続,*,*,測定,36
176,0,直流,名詞,サ変接続,*,*,直流,36
178,0,測定,名詞,サ変接続,*,*,測定,36
180,0,交流,名詞,サ変接続,*,*,交流,36
181,0,波形,名詞,一般,*,*,波形,38
183,0,実効値,名詞,固有名詞,一般,*,実効値,41
185,0,交流,名詞,サ変接続,*,*,交流,36
187,0,測定,名詞,サ変接続,*,*,測定,36
191,0,直流,名詞,サ変接続,*,*,直流,36
193,0,測定,名詞,サ変接続,*,*,測定,36
195,0,交流,名詞,サ変接続,*,*,交流,36
196,0,波形,名詞,一般,*,*,波形,38
198,0,実効値,名詞,固有名詞,一般,*,実効値,41
200,0,交流,名詞,サ変接続,*,*,交流,36
202,0,測定,名詞,サ変接続,*,*,測定,36
207,0,電圧,名詞,一般,*,*,電圧,38
209,0,電流,名詞,一般,*,*,電流,38
211,0,測定,名詞,サ変接続,*,*,測定,36
213,0,学ぶ,動詞,自立,*,*,学ぶ,31
214,0,電力,名詞,一般,*,*,電力,38
216,0,測定,名詞,サ変接続,*,*,測定,36
218,0,直流,名詞,サ変接続,*,*,直流,36
220,0,交流,名詞,サ変接続,*,*,交流,36
222,0,電力,名詞,一般,*,*,電力,38
223,0,測定,名詞,サ変接続,*,*,測定,36
225,0,力率,名詞,固有名詞,一般,*,力率,41
227,0,各種,名詞,一般,*,*,各種,38
228,0,電力計,名詞,固有名詞,一般,*,電力計,41
231,0,相,名詞,接尾,一般,*,相,51
232,0,交流,名詞,サ変接続,*,*,交流,36
233,0,電力,名詞,一般,*,*,電力,38
234,0,測定,名詞,サ変接続,*,*,測定,36
236,0,直流,名詞,サ変接続,*,*,直流,36
238,0,交流,名詞,サ変接続,*,*,交流,36
240,0,電力,名詞,一般,*,*,電力,38
241,0,測定,名詞,サ変接続,*,*,測定,36
243,0,力率,名詞,固有名詞,一般,*,力率,41
245,0,各種,名詞,一般,*,*,各種,38
246,0,電力計,名詞,固有名詞,一般,*,電力計,41
249,0,相,名詞,接尾,一般,*,相,51
250,0,交流,名詞,サ変接続,*,*,交流,36
251,0,電力,名詞,一般,*,*,電力,38
252,0,測定,名詞,サ変接続,*,*,測定,36
255,0,電力,名詞,一般,*,*,電力,38
257,0,測定,名詞,サ変接続,*,*,測定,36
259,0,学ぶ,動詞,自立,*,*,学ぶ,31
260,0,抵抗,名詞,サ変接続,*,*,抵抗,36
262,0,インピーダンス,名詞,固有名詞,一般,*,インピーダンス,41
264,0,測定,名詞,サ変接続,*,*,測定,36
266,0,電圧計,名詞,固有名詞,一般,*,電圧計,41
268,0,電流計,名詞,固有名詞,一般,*,電流計,41
270,0,抵抗,名詞,サ変接続,*,*,抵抗,36
271,0,測定,名詞,サ変接続,*,*,測定,36
273,0,直流,名詞,サ変接続,*,*,直流,36
275,0,交流,名詞,サ変接続,*,*,交流,36
276,0,ブリッジ,名詞,一般,*,*,ブリッジ,38
279,0,理解度,名詞,固有名詞,一般,*,理解度,41
281,0,確認,名詞,サ変接続,*,*,確認,36
282,0,電圧計,名詞,固有名詞,一般,*,電圧計,41
284,0,電流計,名詞,固有名詞,一般,*,電流計,41
286,0,抵抗,名詞,サ変接続,*,*,抵抗,36
287,0,測定,名詞,サ変接続,*,*,測定,36
289,0,直流,名詞,サ変接続,*,*,直流,36
291,0,交流,名詞,サ変接続,*,*,交流,36
292,0,ブリッジ,名詞,一般,*,*,ブリッジ,38
295,0,抵抗,名詞,サ変接続,*,*,抵抗,36
297,0,インピーダンス,名詞,固有名詞,一般,*,インピーダンス,41
299,0,測定,名詞,サ変接続,*,*,測定,36
301,0,学ぶ,動詞,自立,*,*,学ぶ,31
305,0,理解度,名詞,固有名詞,一般,*,理解度,41
307,0,確認,名詞,サ変接続,*,*,確認,36
309,0,レポート,名詞,サ変接続,*,*,レポート,36
311,0,実施,名詞,サ変接続,*,*,実施,36
313,0,高周波,名詞,一般,*,*,高周波,38
314,0,測定,名詞,サ変接続,*,*,測定,36
316,0,高周波,名詞,一般,*,*,高周波,38
317,0,インピーダンス,名詞,固有名詞,一般,*,インピーダンス,41
319,0,測定,名詞,サ変接続,*,*,測定,36
321,0,ネットワークアナライザ,名詞,固有名詞,一般,*,ネットワーク・アナライザ,41
323,0,スペクトラムアナライザ,名詞,固有名詞,一般,*,スペクトラムアナライザ,41
325,0,分布定数回路,名詞,固有名詞,一般,*,分布定数回路,41
327,0,微分方程式,名詞,固有名詞,一般,*,微分方程式,41
328,0,導出,名詞,サ変接続,*,*,導出,36
330,0,定在波比,名詞,固有名詞,一般,*,定在波比,41
332,0,説明,名詞,サ変接続,*,*,説明,36
333,0,信号,名詞,一般,*,*,信号,38
334,0,源,名詞,接尾,一般,*,源,51
336,0,ファンクションジェネレータ,名詞,固有名詞,一般,*,ファンクションジェネレータ,41
338,0,周波数シンセサイザ,名詞,固有名詞,一般,*,周波数シンセサイザ,41
340,0,アナログ,名詞,一般,*,*,アナログ,38
341,0,ファンクションジェネレータ,名詞,固有名詞,一般,*,ファンクションジェネレータ,41
343,0,三角波,名詞,一般,*,*,三角波,38
344,0,発生,名詞,サ変接続,*,*,発生,36
345,0,原理,名詞,一般,*,*,原理,38
347,0,説明,名詞,サ変接続,*,*,説明,36
351,0,DDS,名詞,固有名詞,一般,*,DDS,41
353,0,周波数シンセサイザ,名詞,固有名詞,一般,*,周波数シンセサイザ,41
354,0,構成,名詞,サ変接続,*,*,構成,36
355,0,法,名詞,接尾,一般,*,法,51
357,0,説明,名詞,サ変接続,*,*,説明,36
358,0,周波数,名詞,一般,*,*,周波数,38
360,0,位相,名詞,一般,*,*,位相,38
362,0,測定,名詞,サ変接続,*,*,測定,36
364,0,周波数カウンタ,名詞,固有名詞,一般,*,周波数カウンタ,41
366,0,周波数,名詞,一般,*,*,周波数,38
368,0,位相,名詞,一般,*,*,位相,38
370,0,測定,名詞,サ変接続,*,*,測定,36
372,0,周波数カウンタ,名詞,固有名詞,一般,*,周波数カウンタ,41
374,0,周波数,名詞,一般,*,*,周波数,38
375,0,分解能,名詞,一般,*,*,分解能,38
377,0,時間分解能,名詞,固有名詞,一般,*,時間分解能,41
379,0,関係,名詞,サ変接続,*,*,関係,36
381,0,説明,名詞,サ変接続,*,*,説明,36
384,0,図形,名詞,一般,*,*,図形,38
386,0,式,名詞,一般,*,*,式,38
388,0,導出,名詞,サ変接続,*,*,導出,36
389,0,磁気,名詞,一般,*,*,磁気,38
390,0,測定,名詞,サ変接続,*,*,測定,36
392,0,磁界,名詞,一般,*,*,磁界,38
394,0,測定,名詞,サ変接続,*,*,測定,36
396,0,磁束,名詞,一般,*,*,磁束,38
398,0,測定,名詞,サ変接続,*,*,測定,36
400,0,磁化率,名詞,固有名詞,一般,*,磁化率,41
402,0,測定,名詞,サ変接続,*,*,測定,36
404,0,磁性材料,名詞,固有名詞,一般,*,磁性材料,41
406,0,磁気,名詞,一般,*,*,磁気,38
407,0,特性,名詞,一般,*,*,特性,38
409,0,測定,名詞,サ変接続,*,*,測定,36
412,0,ホール効果,名詞,固有名詞,一般,*,ホール効果,41
414,0,磁気抵抗効果,名詞,固有名詞,一般,*,磁気抵抗効果,41
419,0,曲線,名詞,一般,*,*,曲線,38
421,0,説明,名詞,サ変接続,*,*,説明,36
422,0,波形,名詞,一般,*,*,波形,38
423,0,測定,名詞,サ変接続,*,*,測定,36
425,0,アナログ,名詞,一般,*,*,アナログ,38
427,0,ディジタル,名詞,一般,*,*,ディジタル,38
428,0,オシロスコープ,名詞,一般,*,*,オシロスコープ,38
430,0,ロジックアナライザ,名詞,固有名詞,一般,*,ロジックアナライザ,41
432,0,アナログ,名詞,一般,*,*,アナログ,38
433,0,オシロスコープ,名詞,一般,*,*,オシロスコープ,38
435,0,ディジタル,名詞,一般,*,*,ディジタル,38
436,0,オシロスコープ,名詞,一般,*,*,オシロスコープ,38
438,0,原理,名詞,一般,*,*,原理,38
440,0,説明,名詞,サ変接続,*,*,説明,36
442,0,プローブ,名詞,固有名詞,人名,一般,prove,42
444,0,説明,名詞,サ変接続,*,*,説明,36
448,0,ポスト,名詞,一般,*,*,ポスト,38
449,0,トリガ,名詞,サ変接続,*,*,トリガ,36
451,0,等価,名詞,一般,*,*,等価,38
452,0,サンプリング,名詞,サ変接続,*,*,サンプリング,36
453,0,等,名詞,接尾,一般,*,等,51
454,0,ディジタル,名詞,一般,*,*,ディジタル,38
455,0,オシロスコープ,名詞,一般,*,*,オシロスコープ,38
456,0,特有,名詞,一般,*,*,特有,38
458,0,機能,名詞,サ変接続,*,*,機能,36
460,0,説明,名詞,サ変接続,*,*,説明,36
463,0,単発,名詞,一般,*,*,単発,38
464,0,現象,名詞,一般,*,*,現象,38
466,0,捉える,動詞,自立,*,*,捉える,31
467,0,トリガ,名詞,サ変接続,*,*,トリガ,36
469,0,かけ,動詞,自立,*,*,かける,31
472,0,述べる,動詞,自立,*,*,述べる,31
473,0,センサ,名詞,固有名詞,一般,*,センサ,41
475,0,用い,動詞,自立,*,*,用いる,31
477,0,計測,名詞,サ変接続,*,*,計測,36
479,0,温度,名詞,一般,*,*,温度,38
480,0,センサ,名詞,固有名詞,一般,*,センサ,41
482,0,光,名詞,一般,*,*,光,38
483,0,センサ,名詞,固有名詞,一般,*,センサ,41
488,0,変換,名詞,サ変接続,*,*,変換,36
489,0,器,名詞,接尾,一般,*,器,51
491,0,使い方,名詞,一般,*,*,使い方,38
493,0,基本,名詞,一般,*,*,基本,38
494,0,的,名詞,接尾,形容動詞語幹,*,的,52
496,0,物理,名詞,一般,*,*,物理,38
497,0,量,名詞,接尾,一般,*,量,51
499,0,計測,名詞,サ変接続,*,*,計測,36
501,0,センサ,名詞,固有名詞,一般,*,センサ,41
503,0,原理,名詞,一般,*,*,原理,38
505,0,コンピュータ,名詞,一般,*,*,コンピュータ,38
507,0,データ,名詞,一般,*,*,データ,38
509,0,取り込む,動詞,自立,*,*,取り込む,31
510,0,方法,名詞,一般,*,*,方法,38
512,0,説明,名詞,サ変接続,*,*,説明,36
513,0,コンピュータ,名詞,一般,*,*,コンピュータ,38
514,0,計測,名詞,サ変接続,*,*,計測,36
516,0,組み込みシステム,名詞,固有名詞,一般,*,組み込みシステム,41
518,0,I/O,名詞,固有名詞,一般,*,I/O,41
520,0,マイコン,名詞,一般,*,*,マイコン,38
522,0,FPGA,名詞,固有名詞,一般,*,FPGA,41
524,0,計測,名詞,サ変接続,*,*,計測,36
525,0,用,名詞,接尾,一般,*,用,51
526,0,ソフトウエア,名詞,一般,*,*,ソフトウエア,38
528,0,マイコン,名詞,一般,*,*,マイコン,38
530,0,FPGA,名詞,固有名詞,一般,*,FPGA,41
532,0,I/O,名詞,固有名詞,一般,*,I/O,41
534,0,制御,名詞,サ変接続,*,*,制御,36
535,0,方法,名詞,一般,*,*,方法,38
537,0,説明,名詞,サ変接続,*,*,説明,36
538,0,計測,名詞,サ変接続,*,*,計測,36
540,0,基礎,名詞,一般,*,*,基礎,38
542,0,計測,名詞,サ変接続,*,*,計測,36
544,0,意義,名詞,一般,*,*,意義,38
546,0,計測器,名詞,固有名詞,一般,*,計測器,41
548,0,性能,名詞,一般,*,*,性能,38
550,0,示す,動詞,自立,*,*,示す,31
551,0,指標,名詞,一般,*,*,指標,38
553,0,誤差,名詞,一般,*,*,誤差,38
555,0,有効数字,名詞,固有名詞,一般,*,有効数字,41
558,0,表示,名詞,サ変接続,*,*,表示,36
560,0,単位,名詞,一般,*,*,単位,38
562,0,標準,名詞,一般,*,*,標準,38
564,0,計測,名詞,サ変接続,*,*,計測,36
566,0,意義,名詞,一般,*,*,意義,38
568,0,計測器,名詞,固有名詞,一般,*,計測器,41
570,0,性能,名詞,一般,*,*,性能,38
572,0,示す,動詞,自立,*,*,示す,31
573,0,指標,名詞,一般,*,*,指標,38
575,0,誤差,名詞,一般,*,*,誤差,38
577,0,有効数字,名詞,固有名詞,一般,*,有効数字,41
580,0,表示,名詞,サ変接続,*,*,表示,36
582,0,単位,名詞,一般,*,*,単位,38
584,0,標準,名詞,一般,*,*,標準,38
587,0,計測,名詞,サ変接続,*,*,計測,36
589,0,基礎,名詞,一般,*,*,基礎,38
591,0,説明,名詞,サ変接続,*,*,説明,36
592,0,雑音,名詞,一般,*,*,雑音,38
594,0,雑音,名詞,一般,*,*,雑音,38
596,0,種類,名詞,一般,*,*,種類,38
598,0,SN比,名詞,固有名詞,一般,*,SN比,41
600,0,検出限界,名詞,固有名詞,一般,*,検出限界,41
602,0,雑音指数,名詞,固有名詞,一般,*,雑音指数,41
604,0,雑音,名詞,一般,*,*,雑音,38
606,0,除去,名詞,サ変接続,*,*,除去,36
608,0,雑音,名詞,一般,*,*,雑音,38
610,0,種類,名詞,一般,*,*,種類,38
612,0,SN比,名詞,固有名詞,一般,*,SN比,41
614,0,検出限界,名詞,固有名詞,一般,*,検出限界,41
616,0,雑音指数,名詞,固有名詞,一般,*,雑音指数,41
618,0,雑音,名詞,一般,*,*,雑音,38
620,0,除去,名詞,サ変接続,*,*,除去,36
623,0,雑音,名詞,一般,*,*,雑音,38
625,0,説明,名詞,サ変接続,*,*,説明,36
626,0,アナログ,名詞,一般,*,*,アナログ,38
627,0,量,名詞,接尾,一般,*,量,51
629,0,扱い,動詞,自立,*,*,扱う,31
632,0,演算,名詞,サ変接続,*,*,演算,36
633,0,増幅器,名詞,一般,*,*,増幅器,38
635,0,内部抵抗,名詞,固有名詞,一般,*,内部抵抗,41
637,0,フィルタ,名詞,一般,*,*,フィルタ,38
639,0,演算,名詞,サ変接続,*,*,演算,36
640,0,増幅器,名詞,一般,*,*,増幅器,38
642,0,内部抵抗,名詞,固有名詞,一般,*,内部抵抗,41
644,0,フィルタ,名詞,一般,*,*,フィルタ,38
647,0,アナログ,名詞,一般,*,*,アナログ,38
648,0,量,名詞,接尾,一般,*,量,51
650,0,扱い,名詞,サ変接続,*,*,扱い,36
651,0,方,名詞,接尾,一般,*,方,51
653,0,説明,名詞,サ変接続,*,*,説明,36
654,0,ディジタル,名詞,一般,*,*,ディジタル,38
655,0,量,名詞,接尾,一般,*,量,51
657,0,扱い,動詞,自立,*,*,扱う,31
660,0,2進法,名詞,固有名詞,一般,*,2進法,41
664,0,法,名詞,接尾,一般,*,法,51
668,0,法,名詞,接尾,一般,*,法,51
670,0,データ,名詞,一般,*,*,データ,38
672,0,符号化,名詞,固有名詞,一般,*,符号化,41
674,0,データ,名詞,一般,*,*,データ,38
675,0,変換,名詞,サ変接続,*,*,変換,36
677,0,伝送,名詞,サ変接続,*,*,伝送,36
678,0,方式,名詞,一般,*,*,方式,38
680,0,2進法,名詞,固有名詞,一般,*,2進法,41
684,0,法,名詞,接尾,一般,*,法,51
688,0,法,名詞,接尾,一般,*,法,51
690,0,データ,名詞,一般,*,*,データ,38
692,0,符号化,名詞,固有名詞,一般,*,符号化,41
694,0,データ,名詞,一般,*,*,データ,38
695,0,変換,名詞,サ変接続,*,*,変換,36
697,0,伝送,名詞,サ変接続,*,*,伝送,36
698,0,方式,名詞,一般,*,*,方式,38
701,0,ディジタル,名詞,一般,*,*,ディジタル,38
702,0,量,名詞,接尾,一般,*,量,51
704,0,扱い,名詞,サ変接続,*,*,扱い,36
705,0,方,名詞,接尾,一般,*,方,51
707,0,学ぶ,動詞,自立,*,*,学ぶ,31
708,0,電圧,名詞,一般,*,*,電圧,38
710,0,電流,名詞,一般,*,*,電流,38
712,0,測定,名詞,サ変接続,*,*,測定,36
714,0,直流,名詞,サ変接続,*,*,直流,36
716,0,測定,名詞,サ変接続,*,*,測定,36
718,0,交流,名詞,サ変接続,*,*,交流,36
719,0,波形,名詞,一般,*,*,波形,38
721,0,実効値,名詞,固有名詞,一般,*,実効値,41
723,0,交流,名詞,サ変接続,*,*,交流,36
725,0,測定,名詞,サ変接続,*,*,測定,36
729,0,直流,名詞,サ変接続,*,*,直流,36
731,0,測定,名詞,サ変接続,*,*,測定,36
733,0,交流,名詞,サ変接続,*,*,交流,36
734,0,波形,名詞,一般,*,*,波形,38
736,0,実効値,名詞,固有名詞,一般,*,実効値,41
738,0,交流,名詞,サ変接続,*,*,交流,36
740,0,測定,名詞,サ変接続,*,*,測定,36
745,0,電圧,名詞,一般,*,*,電圧,38
747,0,電流,名詞,一般,*,*,電流,38
749,0,測定,名詞,サ変接続,*,*,測定,36
751,0,学ぶ,動詞,自立,*,*,学ぶ,31
752,0,電力,名詞,一般,*,*,電力,38
754,0,測定,名詞,サ変接続,*,*,測定,36
756,0,直流,名詞,サ変接続,*,*,直流,36
758,0,交流,名詞,サ変接続,*,*,交流,36
760,0,電力,名詞,一般,*,*,電力,38
761,0,測定,名詞,サ変接続,*,*,測定,36
763,0,力率,名詞,固有名詞,一般,*,力率,41
765,0,各種,名詞,一般,*,*,各種,38
766,0,電力計,名詞,固有名詞,一般,*,電力計,41
769,0,相,名詞,接尾,一般,*,相,51
770,0,交流,名詞,サ変接続,*,*,交流,36
771,0,電力,名詞,一般,*,*,電力,38
772,0,測定,名詞,サ変接続,*,*,測定,36
774,0,直流,名詞,サ変接続,*,*,直流,36
776,0,交流,名詞,サ変接続,*,*,交流,36
778,0,電力,名詞,一般,*,*,電力,38
779,0,測定,名詞,サ変接続,*,*,測定,36
781,0,力率,名詞,固有名詞,一般,*,力率,41
783,0,各種,名詞,一般,*,*,各種,38
784,0,電力計,名詞,固有名詞,一般,*,電力計,41
787,0,相,名詞,接尾,一般,*,相,51
788,0,交流,名詞,サ変接続,*,*,交流,36
789,0,電力,名詞,一般,*,*,電力,38
790,0,測定,名詞,サ変接続,*,*,測定,36
793,0,電力,名詞,一般,*,*,電力,38
795,0,測定,名詞,サ変接続,*,*,測定,36
797,0,学ぶ,動詞,自立,*,*,学ぶ,31
798,0,抵抗,名詞,サ変接続,*,*,抵抗,36
800,0,インピーダンス,名詞,固有名詞,一般,*,インピーダンス,41
802,0,測定,名詞,サ変接続,*,*,測定,36
804,0,電圧計,名詞,固有名詞,一般,*,電圧計,41
806,0,電流計,名詞,固有名詞,一般,*,電流計,41
808,0,抵抗,名詞,サ変接続,*,*,抵抗,36
809,0,測定,名詞,サ変接続,*,*,測定,36
811,0,直流,名詞,サ変接続,*,*,直流,36
813,0,交流,名詞,サ変接続,*,*,交流,36
814,0,ブリッジ,名詞,一般,*,*,ブリッジ,38
816,0,電圧計,名詞,固有名詞,一般,*,電圧計,41
818,0,電流計,名詞,固有名詞,一般,*,電流計,41
820,0,抵抗,名詞,サ変接続,*,*,抵抗,36
821,0,測定,名詞,サ変接続,*,*,測定,36
823,0,直流,名詞,サ変接続,*,*,直流,36
825,0,交流,名詞,サ変接続,*,*,交流,36
826,0,ブリッジ,名詞,一般,*,*,ブリッジ,38
829,0,抵抗,名詞,サ変接続,*,*,抵抗,36
831,0,インピーダンス,名詞,固有名詞,一般,*,インピーダンス,41
833,0,測定,名詞,サ変接続,*,*,測定,36
835,0,学ぶ,動詞,自立,*,*,学ぶ,31
839,0,教授,名詞,一般,*,*,教授,38
840,0,内容,名詞,一般,*,*,内容,38
842,0,理解度,名詞,固有名詞,一般,*,理解度,41
844,0,確認,名詞,サ変接続,*,*,確認,36
845,0,理解度,名詞,固有名詞,一般,*,理解度,41
846,0,確認,名詞,サ変接続,*,*,確認,36
848,0,到達,名詞,サ変接続,*,*,到達,36
849,0,度,名詞,接尾,一般,*,度,51
850,0,自己評価,名詞,固有名詞,一般,*,自己評価,41
852,0,実施,名詞,サ変接続,*,*,実施,36
854,0,高周波,名詞,一般,*,*,高周波,38
855,0,測定,名詞,サ変接続,*,*,測定,36
857,0,高周波,名詞,一般,*,*,高周波,38
858,0,インピーダンス,名詞,固有名詞,一般,*,インピーダンス,41
860,0,測定,名詞,サ変接続,*,*,測定,36
862,0,ネットワークアナライザ,名詞,固有名詞,一般,*,ネットワーク・アナライザ,41
864,0,スペクトラムアナライザ,名詞,固有名詞,一般,*,スペクトラムアナライザ,41
866,0,分布定数回路,名詞,固有名詞,一般,*,分布定数回路,41
868,0,微分方程式,名詞,固有名詞,一般,*,微分方程式,41
869,0,導出,名詞,サ変接続,*,*,導出,36
871,0,定在波比,名詞,固有名詞,一般,*,定在波比,41
873,0,説明,名詞,サ変接続,*,*,説明,36
874,0,信号,名詞,一般,*,*,信号,38
875,0,源,名詞,接尾,一般,*,源,51
877,0,ファンクションジェネレータ,名詞,固有名詞,一般,*,ファンクションジェネレータ,41
879,0,周波数シンセサイザ,名詞,固有名詞,一般,*,周波数シンセサイザ,41
881,0,アナログ,名詞,一般,*,*,アナログ,38
882,0,ファンクションジェネレータ,名詞,固有名詞,一般,*,ファンクションジェネレータ,41
884,0,三角波,名詞,一般,*,*,三角波,38
885,0,発生,名詞,サ変接続,*,*,発生,36
886,0,原理,名詞,一般,*,*,原理,38
888,0,説明,名詞,サ変接続,*,*,説明,36
892,0,DDS,名詞,固有名詞,一般,*,DDS,41
894,0,周波数シンセサイザ,名詞,固有名詞,一般,*,周波数シンセサイザ,41
895,0,構成,名詞,サ変接続,*,*,構成,36
896,0,法,名詞,接尾,一般,*,法,51
898,0,説明,名詞,サ変接続,*,*,説明,36
899,0,周波数,名詞,一般,*,*,周波数,38
901,0,位相,名詞,一般,*,*,位相,38
903,0,測定,名詞,サ変接続,*,*,測定,36
905,0,周波数カウンタ,名詞,固有名詞,一般,*,周波数カウンタ,41
907,0,周波数,名詞,一般,*,*,周波数,38
909,0,位相,名詞,一般,*,*,位相,38
911,0,測定,名詞,サ変接続,*,*,測定,36
913,0,周波数カウンタ,名詞,固有名詞,一般,*,周波数カウンタ,41
915,0,周波数,名詞,一般,*,*,周波数,38
916,0,分解能,名詞,一般,*,*,分解能,38
918,0,時間分解能,名詞,固有名詞,一般,*,時間分解能,41
920,0,関係,名詞,サ変接続,*,*,関係,36
922,0,説明,名詞,サ変接続,*,*,説明,36
925,0,図形,名詞,一般,*,*,図形,38
927,0,式,名詞,一般,*,*,式,38
929,0,導出,名詞,サ変接続,*,*,導出,36
930,0,磁気,名詞,一般,*,*,磁気,38
931,0,測定,名詞,サ変接続,*,*,測定,36
933,0,磁界,名詞,一般,*,*,磁界,38
935,0,測定,名詞,サ変接続,*,*,測定,36
937,0,磁束,名詞,一般,*,*,磁束,38
939,0,測定,名詞,サ変接続,*,*,測定,36
941,0,磁化率,名詞,固有名詞,一般,*,磁化率,41
943,0,測定,名詞,サ変接続,*,*,測定,36
945,0,磁性材料,名詞,固有名詞,一般,*,磁性材料,41
947,0,磁気,名詞,一般,*,*,磁気,38
948,0,特性,名詞,一般,*,*,特性,38
950,0,測定,名詞,サ変接続,*,*,測定,36
953,0,ホール効果,名詞,固有名詞,一般,*,ホール効果,41
955,0,磁気抵抗効果,名詞,固有名詞,一般,*,磁気抵抗効果,41
960,0,曲線,名詞,一般,*,*,曲線,38
962,0,説明,名詞,サ変接続,*,*,説明,36
963,0,波形,名詞,一般,*,*,波形,38
964,0,測定,名詞,サ変接続,*,*,測定,36
966,0,アナログ,名詞,一般,*,*,アナログ,38
968,0,ディジタル,名詞,一般,*,*,ディジタル,38
969,0,オシロスコープ,名詞,一般,*,*,オシロスコープ,38
971,0,ロジックアナライザ,名詞,固有名詞,一般,*,ロジックアナライザ,41
973,0,アナログ,名詞,一般,*,*,アナログ,38
974,0,オシロスコープ,名詞,一般,*,*,オシロスコープ,38
976,0,ディジタル,名詞,一般,*,*,ディジタル,38
977,0,オシロスコープ,名詞,一般,*,*,オシロスコープ,38
979,0,原理,名詞,一般,*,*,原理,38
981,0,説明,名詞,サ変接続,*,*,説明,36
983,0,プローブ,名詞,固有名詞,人名,一般,prove,42
985,0,説明,名詞,サ変接続,*,*,説明,36
989,0,ポスト,名詞,一般,*,*,ポスト,38
990,0,トリガ,名詞,サ変接続,*,*,トリガ,36
992,0,等価,名詞,一般,*,*,等価,38
993,0,サンプリング,名詞,サ変接続,*,*,サンプリング,36
994,0,等,名詞,接尾,一般,*,等,51
995,0,ディジタル,名詞,一般,*,*,ディジタル,38
996,0,オシロスコープ,名詞,一般,*,*,オシロスコープ,38
997,0,特有,名詞,一般,*,*,特有,38
999,0,機能,名詞,サ変接続,*,*,機能,36
1001,0,説明,名詞,サ変接続,*,*,説明,36
1004,0,単発,名詞,一般,*,*,単発,38
1005,0,現象,名詞,一般,*,*,現象,38
1007,0,捉える,動詞,自立,*,*,捉える,31
1008,0,トリガ,名詞,サ変接続,*,*,トリガ,36
1010,0,かけ,動詞,自立,*,*,かける,31
1013,0,述べる,動詞,自立,*,*,述べる,31
1014,0,センサ,名詞,固有名詞,一般,*,センサ,41
1016,0,用い,動詞,自立,*,*,用いる,31
1018,0,計測,名詞,サ変接続,*,*,計測,36
1020,0,温度,名詞,一般,*,*,温度,38
1021,0,センサ,名詞,固有名詞,一般,*,センサ,41
1023,0,光,名詞,一般,*,*,光,38
1024,0,センサ,名詞,固有名詞,一般,*,センサ,41
1029,0,変換,名詞,サ変接続,*,*,変換,36
1030,0,器,名詞,接尾,一般,*,器,51
1032,0,使い方,名詞,一般,*,*,使い方,38
1034,0,基本,名詞,一般,*,*,基本,38
1035,0,的,名詞,接尾,形容動詞語幹,*,的,52
1037,0,物理,名詞,一般,*,*,物理,38
1038,0,量,名詞,接尾,一般,*,量,51
1040,0,計測,名詞,サ変接続,*,*,計測,36
1042,0,センサ,名詞,固有名詞,一般,*,センサ,41
1044,0,原理,名詞,一般,*,*,原理,38
1046,0,コンピュータ,名詞,一般,*,*,コンピュータ,38
1048,0,データ,名詞,一般,*,*,データ,38
1050,0,取り込む,動詞,自立,*,*,取り込む,31
1051,0,方法,名詞,一般,*,*,方法,38
1053,0,説明,名詞,サ変接続,*,*,説明,36
1054,0,コンピュータ,名詞,一般,*,*,コンピュータ,38
1055,0,計測,名詞,サ変接続,*,*,計測,36
1057,0,組み込みシステム,名詞,固有名詞,一般,*,組み込みシステム,41
1059,0,I/O,名詞,固有名詞,一般,*,I/O,41
1061,0,マイコン,名詞,一般,*,*,マイコン,38
1063,0,FPGA,名詞,固有名詞,一般,*,FPGA,41
1065,0,計測,名詞,サ変接続,*,*,計測,36
1066,0,用,名詞,接尾,一般,*,用,51
1067,0,ソフトウエア,名詞,一般,*,*,ソフトウエア,38
1069,0,マイコン,名詞,一般,*,*,マイコン,38
1071,0,FPGA,名詞,固有名詞,一般,*,FPGA,41
1073,0,I/O,名詞,固有名詞,一般,*,I/O,41
1075,0,制御,名詞,サ変接続,*,*,制御,36
1076,0,方法,名詞,一般,*,*,方法,38
1078,0,説明,名詞,サ変接続,*,*,説明,36
1079,0,計測,名詞,サ変接続,*,*,計測,36
1081,0,基礎,名詞,一般,*,*,基礎,38
1083,0,計測,名詞,サ変接続,*,*,計測,36
1085,0,意義,名詞,一般,*,*,意義,38
1087,0,計測器,名詞,固有名詞,一般,*,計測器,41
1089,0,性能,名詞,一般,*,*,性能,38
1091,0,示す,動詞,自立,*,*,示す,31
1092,0,指標,名詞,一般,*,*,指標,38
1094,0,誤差,名詞,一般,*,*,誤差,38
1096,0,有効数字,名詞,固有名詞,一般,*,有効数字,41
1099,0,表示,名詞,サ変接続,*,*,表示,36
1101,0,単位,名詞,一般,*,*,単位,38
1103,0,標準,名詞,一般,*,*,標準,38
1105,0,計測,名詞,サ変接続,*,*,計測,36
1107,0,意義,名詞,一般,*,*,意義,38
1109,0,計測器,名詞,固有名詞,一般,*,計測器,41
1111,0,性能,名詞,一般,*,*,性能,38
1113,0,示す,動詞,自立,*,*,示す,31
1114,0,指標,名詞,一般,*,*,指標,38
1116,0,誤差,名詞,一般,*,*,誤差,38
1118,0,有効数字,名詞,固有名詞,一般,*,有効数字,41
1121,0,表示,名詞,サ変接続,*,*,表示,36
1123,0,単位,名詞,一般,*,*,単位,38
1125,0,標準,名詞,一般,*,*,標準,38
1128,0,計測,名詞,サ変接続,*,*,計測,36
1130,0,基礎,名詞,一般,*,*,基礎,38
1132,0,説明,名詞,サ変接続,*,*,説明,36
1133,0,雑音,名詞,一般,*,*,雑音,38
1135,0,雑音,名詞,一般,*,*,雑音,38
1137,0,種類,名詞,一般,*,*,種類,38
1139,0,SN比,名詞,固有名詞,一般,*,SN比,41
1141,0,検出限界,名詞,固有名詞,一般,*,検出限界,41
1143,0,雑音指数,名詞,固有名詞,一般,*,雑音指数,41
1145,0,雑音,名詞,一般,*,*,雑音,38
1147,0,除去,名詞,サ変接続,*,*,除去,36
1149,0,雑音,名詞,一般,*,*,雑音,38
1151,0,種類,名詞,一般,*,*,種類,38
1153,0,SN比,名詞,固有名詞,一般,*,SN比,41
1155,0,検出限界,名詞,固有名詞,一般,*,検出限界,41
1157,0,雑音指数,名詞,固有名詞,一般,*,雑音指数,41
1159,0,雑音,名詞,一般,*,*,雑音,38
1161,0,除去,名詞,サ変接続,*,*,除去,36
1164,0,雑音,名詞,一般,*,*,雑音,38
1166,0,説明,名詞,サ変接続,*,*,説明,36
1167,0,アナログ,名詞,一般,*,*,アナログ,38
1168,0,量,名詞,接尾,一般,*,量,51
1170,0,扱い,動詞,自立,*,*,扱う,31
1173,0,演算,名詞,サ変接続,*,*,演算,36
1174,0,増幅器,名詞,一般,*,*,増幅器,38
1176,0,内部抵抗,名詞,固有名詞,一般,*,内部抵抗,41
1178,0,フィルタ,名詞,一般,*,*,フィルタ,38
1180,0,演算,名詞,サ変接続,*,*,演算,36
1181,0,増幅器,名詞,一般,*,*,増幅器,38
1183,0,内部抵抗,名詞,固有名詞,一般,*,内部抵抗,41
1185,0,フィルタ,名詞,一般,*,*,フィルタ,38
1188,0,アナログ,名詞,一般,*,*,アナログ,38
1189,0,量,名詞,接尾,一般,*,量,51
1191,0,扱い,名詞,サ変接続,*,*,扱い,36
1192,0,方,名詞,接尾,一般,*,方,51
1194,0,説明,名詞,サ変接続,*,*,説明,36
1195,0,ディジタル,名詞,一般,*,*,ディジタル,38
1196,0,量,名詞,接尾,一般,*,量,51
1198,0,扱い,動詞,自立,*,*,扱う,31
1201,0,2進法,名詞,固有名詞,一般,*,2進法,41
1205,0,法,名詞,接尾,一般,*,法,51
1209,0,法,名詞,接尾,一般,*,法,51
1211,0,データ,名詞,一般,*,*,データ,38
1213,0,符号化,名詞,固有名詞,一般,*,符号化,41
1215,0,データ,名詞,一般,*,*,データ,38
1216,0,変換,名詞,サ変接続,*,*,変換,36
1218,0,伝送,名詞,サ変接続,*,*,伝送,36
1219,0,方式,名詞,一般,*,*,方式,38
1221,0,2進法,名詞,固有名詞,一般,*,2進法,41
1225,0,法,名詞,接尾,一般,*,法,51
1229,0,法,名詞,接尾,一般,*,法,51
1231,0,データ,名詞,一般,*,*,データ,38
1233,0,符号化,名詞,固有名詞,一般,*,符号化,41
1235,0,データ,名詞,一般,*,*,データ,38
1236,0,変換,名詞,サ変接続,*,*,変換,36
1238,0,伝送,名詞,サ変接続,*,*,伝送,36
1239,0,方式,名詞,一般,*,*,方式,38
1242,0,ディジタル,名詞,一般,*,*,ディジタル,38
1243,0,量,名詞,接尾,一般,*,量,51
1245,0,扱い,名詞,サ変接続,*,*,扱い,36
1246,0,方,名詞,接尾,一般,*,方,51
1248,0,学ぶ,動詞,自立,*,*,学ぶ,31
1249,0,電圧,名詞,一般,*,*,電圧,38
1251,0,電流,名詞,一般,*,*,電流,38
1253,0,測定,名詞,サ変接続,*,*,測定,36
1255,0,直流,名詞,サ変接続,*,*,直流,36
1257,0,測定,名詞,サ変接続,*,*,測定,36
1259,0,交流,名詞,サ変接続,*,*,交流,36
1260,0,波形,名詞,一般,*,*,波形,38
1262,0,実効値,名詞,固有名詞,一般,*,実効値,41
1264,0,交流,名詞,サ変接続,*,*,交流,36
1266,0,測定,名詞,サ変接続,*,*,測定,36
1270,0,直流,名詞,サ変接続,*,*,直流,36
1272,0,測定,名詞,サ変接続,*,*,測定,36
1274,0,交流,名詞,サ変接続,*,*,交流,36
1275,0,波形,名詞,一般,*,*,波形,38
1277,0,実効値,名詞,固有名詞,一般,*,実効値,41
1279,0,交流,名詞,サ変接続,*,*,交流,36
1281,0,測定,名詞,サ変接続,*,*,測定,36
1286,0,電圧,名詞,一般,*,*,電圧,38
1288,0,電流,名詞,一般,*,*,電流,38
1290,0,測定,名詞,サ変接続,*,*,測定,36
1292,0,学ぶ,動詞,自立,*,*,学ぶ,31
1293,0,電力,名詞,一般,*,*,電力,38
1295,0,測定,名詞,サ変接続,*,*,測定,36
1297,0,直流,名詞,サ変接続,*,*,直流,36
1299,0,交流,名詞,サ変接続,*,*,交流,36
1301,0,電力,名詞,一般,*,*,電力,38
1302,0,測定,名詞,サ変接続,*,*,測定,36
1304,0,力率,名詞,固有名詞,一般,*,力率,41
1306,0,各種,名詞,一般,*,*,各種,38
1307,0,電力計,名詞,固有名詞,一般,*,電力計,41
1310,0,相,名詞,接尾,一般,*,相,51
1311,0,交流,名詞,サ変接続,*,*,交流,36
1312,0,電力,名詞,一般,*,*,電力,38
1313,0,測定,名詞,サ変接続,*,*,測定,36
1315,0,直流,名詞,サ変接続,*,*,直流,36
1317,0,交流,名詞,サ変接続,*,*,交流,36
1319,0,電力,名詞,一般,*,*,電力,38
1320,0,測定,名詞,サ変接続,*,*,測定,36
1322,0,力率,名詞,固有名詞,一般,*,力率,41
1324,0,各種,名詞,一般,*,*,各種,38
1325,0,電力計,名詞,固有名詞,一般,*,電力計,41
1328,0,相,名詞,接尾,一般,*,相,51
1329,0,交流,名詞,サ変接続,*,*,交流,36
1330,0,電力,名詞,一般,*,*,電力,38
1331,0,測定,名詞,サ変接続,*,*,測定,36
1334,0,電力,名詞,一般,*,*,電力,38
1336,0,測定,名詞,サ変接続,*,*,測定,36
1338,0,学ぶ,動詞,自立,*,*,学ぶ,31
1339,0,抵抗,名詞,サ変接続,*,*,抵抗,36
1341,0,インピーダンス,名詞,固有名詞,一般,*,インピーダンス,41
1343,0,測定,名詞,サ変接続,*,*,測定,36
1345,0,電圧計,名詞,固有名詞,一般,*,電圧計,41
1347,0,電流計,名詞,固有名詞,一般,*,電流計,41
1349,0,抵抗,名詞,サ変接続,*,*,抵抗,36
1350,0,測定,名詞,サ変接続,*,*,測定,36
1352,0,直流,名詞,サ変接続,*,*,直流,36
1354,0,交流,名詞,サ変接続,*,*,交流,36
1355,0,ブリッジ,名詞,一般,*,*,ブリッジ,38
1357,0,電圧計,名詞,固有名詞,一般,*,電圧計,41
1359,0,電流計,名詞,固有名詞,一般,*,電流計,41
1361,0,抵抗,名詞,サ変接続,*,*,抵抗,36
1362,0,測定,名詞,サ変接続,*,*,測定,36
1364,0,直流,名詞,サ変接続,*,*,直流,36
1366,0,交流,名詞,サ変接続,*,*,交流,36
1367,0,ブリッジ,名詞,一般,*,*,ブリッジ,38
1370,0,抵抗,名詞,サ変接続,*,*,抵抗,36
1372,0,インピーダンス,名詞,固有名詞,一般,*,インピーダンス,41
1374,0,測定,名詞,サ変接続,*,*,測定,36
1376,0,学ぶ,動詞,自立,*,*,学ぶ,31
1380,0,教授,名詞,一般,*,*,教授,38
1381,0,内容,名詞,一般,*,*,内容,38
1383,0,理解度,名詞,固有名詞,一般,*,理解度,41
1385,0,確認,名詞,サ変接続,*,*,確認,36
1386,0,理解度,名詞,固有名詞,一般,*,理解度,41
1387,0,確認,名詞,サ変接続,*,*,確認,36
1389,0,到達,名詞,サ変接続,*,*,到達,36
1390,0,度,名詞,接尾,一般,*,度,51
1391,0,自己評価,名詞,固有名詞,一般,*,自己評価,41
1393,0,実施,名詞,サ変接続,*,*,実施,36
1395,0,高周波,名詞,一般,*,*,高周波,38
1396,0,測定,名詞,サ変接続,*,*,測定,36
1398,0,高周波,名詞,一般,*,*,高周波,38
1399,0,インピーダンス,名詞,固有名詞,一般,*,インピーダンス,41
1401,0,測定,名詞,サ変接続,*,*,測定,36
1403,0,ネットワークアナライザ,名詞,固有名詞,一般,*,ネットワーク・アナライザ,41
1405,0,スペクトラムアナライザ,名詞,固有名詞,一般,*,スペクトラムアナライザ,41
1407,0,分布定数回路,名詞,固有名詞,一般,*,分布定数回路,41
1409,0,微分方程式,名詞,固有名詞,一般,*,微分方程式,41
1410,0,導出,名詞,サ変接続,*,*,導出,36
1412,0,定在波比,名詞,固有名詞,一般,*,定在波比,41
1414,0,説明,名詞,サ変接続,*,*,説明,36
1415,0,信号,名詞,一般,*,*,信号,38
1416,0,源,名詞,接尾,一般,*,源,51
1418,0,ファンクションジェネレータ,名詞,固有名詞,一般,*,ファンクションジェネレータ,41
1420,0,周波数シンセサイザ,名詞,固有名詞,一般,*,周波数シンセサイザ,41
1422,0,アナログ,名詞,一般,*,*,アナログ,38
1423,0,ファンクションジェネレータ,名詞,固有名詞,一般,*,ファンクションジェネレータ,41
1425,0,三角波,名詞,一般,*,*,三角波,38
1426,0,発生,名詞,サ変接続,*,*,発生,36
1427,0,原理,名詞,一般,*,*,原理,38
1429,0,説明,名詞,サ変接続,*,*,説明,36
1433,0,DDS,名詞,固有名詞,一般,*,DDS,41
1435,0,周波数シンセサイザ,名詞,固有名詞,一般,*,周波数シンセサイザ,41
1436,0,構成,名詞,サ変接続,*,*,構成,36
1437,0,法,名詞,接尾,一般,*,法,51
1439,0,説明,名詞,サ変接続,*,*,説明,36
1440,0,周波数,名詞,一般,*,*,周波数,38
1442,0,位相,名詞,一般,*,*,位相,38
1444,0,測定,名詞,サ変接続,*,*,測定,36
1446,0,周波数カウンタ,名詞,固有名詞,一般,*,周波数カウンタ,41
1448,0,周波数,名詞,一般,*,*,周波数,38
1450,0,位相,名詞,一般,*,*,位相,38
1452,0,測定,名詞,サ変接続,*,*,測定,36
1454,0,周波数カウンタ,名詞,固有名詞,一般,*,周波数カウンタ,41
1456,0,周波数,名詞,一般,*,*,周波数,38
1457,0,分解能,名詞,一般,*,*,分解能,38
1459,0,時間分解能,名詞,固有名詞,一般,*,時間分解能,41
1461,0,関係,名詞,サ変接続,*,*,関係,36
1463,0,説明,名詞,サ変接続,*,*,説明,36
1466,0,図形,名詞,一般,*,*,図形,38
1468,0,式,名詞,一般,*,*,式,38
1470,0,導出,名詞,サ変接続,*,*,導出,36
1471,0,磁気,名詞,一般,*,*,磁気,38
1472,0,測定,名詞,サ変接続,*,*,測定,36
1474,0,磁界,名詞,一般,*,*,磁界,38
1476,0,測定,名詞,サ変接続,*,*,測定,36
1478,0,磁束,名詞,一般,*,*,磁束,38
1480,0,測定,名詞,サ変接続,*,*,測定,36
1482,0,磁化率,名詞,固有名詞,一般,*,磁化率,41
1484,0,測定,名詞,サ変接続,*,*,測定,36
1486,0,磁性材料,名詞,固有名詞,一般,*,磁性材料,41
1488,0,磁気,名詞,一般,*,*,磁気,38
1489,0,特性,名詞,一般,*,*,特性,38
1491,0,測定,名詞,サ変接続,*,*,測定,36
1494,0,ホール効果,名詞,固有名詞,一般,*,ホール効果,41
1496,0,磁気抵抗効果,名詞,固有名詞,一般,*,磁気抵抗効果,41
1501,0,曲線,名詞,一般,*,*,曲線,38
1503,0,説明,名詞,サ変接続,*,*,説明,36
1504,0,波形,名詞,一般,*,*,波形,38
1505,0,測定,名詞,サ変接続,*,*,測定,36
1507,0,アナログ,名詞,一般,*,*,アナログ,38
1509,0,ディジタル,名詞,一般,*,*,ディジタル,38
1510,0,オシロスコープ,名詞,一般,*,*,オシロスコープ,38
1512,0,ロジックアナライザ,名詞,固有名詞,一般,*,ロジックアナライザ,41
1514,0,アナログ,名詞,一般,*,*,アナログ,38
1515,0,オシロスコープ,名詞,一般,*,*,オシロスコープ,38
1517,0,ディジタル,名詞,一般,*,*,ディジタル,38
1518,0,オシロスコープ,名詞,一般,*,*,オシロスコープ,38
1520,0,原理,名詞,一般,*,*,原理,38
1522,0,説明,名詞,サ変接続,*,*,説明,36
1524,0,プローブ,名詞,固有名詞,人名,一般,prove,42
1526,0,説明,名詞,サ変接続,*,*,説明,36
1530,0,ポスト,名詞,一般,*,*,ポスト,38
1531,0,トリガ,名詞,サ変接続,*,*,トリガ,36
1533,0,等価,名詞,一般,*,*,等価,38
1534,0,サンプリング,名詞,サ変接続,*,*,サンプリング,36
1535,0,等,名詞,接尾,一般,*,等,51
1536,0,ディジタル,名詞,一般,*,*,ディジタル,38
1537,0,オシロスコープ,名詞,一般,*,*,オシロスコープ,38
1538,0,特有,名詞,一般,*,*,特有,38
1540,0,機能,名詞,サ変接続,*,*,機能,36
1542,0,説明,名詞,サ変接続,*,*,説明,36
1545,0,単発,名詞,一般,*,*,単発,38
1546,0,現象,名詞,一般,*,*,現象,38
1548,0,捉える,動詞,自立,*,*,捉える,31
1549,0,トリガ,名詞,サ変接続,*,*,トリガ,36
1551,0,かけ,動詞,自立,*,*,かける,31
1554,0,述べる,動詞,自立,*,*,述べる,31
1555,0,センサ,名詞,固有名詞,一般,*,センサ,41
1557,0,用い,動詞,自立,*,*,用いる,31
1559,0,計測,名詞,サ変接続,*,*,計測,36
1561,0,温度,名詞,一般,*,*,温度,38
1562,0,センサ,名詞,固有名詞,一般,*,センサ,41
1564,0,光,名詞,一般,*,*,光,38
1565,0,センサ,名詞,固有名詞,一般,*,センサ,41
1570,0,変換,名詞,サ変接続,*,*,変換,36
1571,0,器,名詞,接尾,一般,*,器,51
1573,0,使い方,名詞,一般,*,*,使い方,38
1575,0,基本,名詞,一般,*,*,基本,38
1576,0,的,名詞,接尾,形容動詞語幹,*,的,52
1578,0,物理,名詞,一般,*,*,物理,38
1579,0,量,名詞,接尾,一般,*,量,51
1581,0,計測,名詞,サ変接続,*,*,計測,36
1583,0,センサ,名詞,固有名詞,一般,*,センサ,41
1585,0,原理,名詞,一般,*,*,原理,38
1587,0,コンピュータ,名詞,一般,*,*,コンピュータ,38
1589,0,データ,名詞,一般,*,*,データ,38
1591,0,取り込む,動詞,自立,*,*,取り込む,31
1592,0,方法,名詞,一般,*,*,方法,38
1594,0,説明,名詞,サ変接続,*,*,説明,36
1595,0,コンピュータ,名詞,一般,*,*,コンピュータ,38
1596,0,計測,名詞,サ変接続,*,*,計測,36
1598,0,組み込みシステム,名詞,固有名詞,一般,*,組み込みシステム,41
1600,0,I/O,名詞,固有名詞,一般,*,I/O,41
1602,0,マイコン,名詞,一般,*,*,マイコン,38
1604,0,FPGA,名詞,固有名詞,一般,*,FPGA,41
1606,0,計測,名詞,サ変接続,*,*,計測,36
1607,0,用,名詞,接尾,一般,*,用,51
1608,0,ソフトウエア,名詞,一般,*,*,ソフトウエア,38
1610,0,マイコン,名詞,一般,*,*,マイコン,38
1612,0,FPGA,名詞,固有名詞,一般,*,FPGA,41
1614,0,I/O,名詞,固有名詞,一般,*,I/O,41
1616,0,制御,名詞,サ変接続,*,*,制御,36
1617,0,方法,名詞,一般,*,*,方法,38
1619,0,説明,名詞,サ変接続,*,*,説明,36
1620,0,計測,名詞,サ変接続,*,*,計測,36
1622,0,基礎,名詞,一般,*,*,基礎,38
1624,0,計測,名詞,サ変接続,*,*,計測,36
1626,0,意義,名詞,一般,*,*,意義,38
1628,0,計測器,名詞,固有名詞,一般,*,計測器,41
1630,0,性能,名詞,一般,*,*,性能,38
1632,0,示す,動詞,自立,*,*,示す,31
1633,0,指標,名詞,一般,*,*,指標,38
1635,0,誤差,名詞,一般,*,*,誤差,38
1637,0,有効数字,名詞,固有名詞,一般,*,有効数字,41
1640,0,表示,名詞,サ変接続,*,*,表示,36
1642,0,単位,名詞,一般,*,*,単位,38
1644,0,標準,名詞,一般,*,*,標準,38
1646,0,計測,名詞,サ変接続,*,*,計測,36
1648,0,意義,名詞,一般,*,*,意義,38
1650,0,計測器,名詞,固有名詞,一般,*,計測器,41
1652,0,性能,名詞,一般,*,*,性能,38
1654,0,示す,動詞,自立,*,*,示す,31
1655,0,指標,名詞,一般,*,*,指標,38
1657,0,誤差,名詞,一般,*,*,誤差,38
1659,0,有効数字,名詞,固有名詞,一般,*,有効数字,41
1662,0,表示,名詞,サ変接続,*,*,表示,36
1664,0,単位,名詞,一般,*,*,単位,38
1666,0,標準,名詞,一般,*,*,標準,38
1669,0,計測,名詞,サ変接続,*,*,計測,36
1671,0,基礎,名詞,一般,*,*,基礎,38
1673,0,説明,名詞,サ変接続,*,*,説明,36
1674,0,雑音,名詞,一般,*,*,雑音,38
1676,0,雑音,名詞,一般,*,*,雑音,38
1678,0,種類,名詞,一般,*,*,種類,38
1680,0,SN比,名詞,固有名詞,一般,*,SN比,41
1682,0,検出限界,名詞,固有名詞,一般,*,検出限界,41
1684,0,雑音指数,名詞,固有名詞,一般,*,雑音指数,41
1686,0,雑音,名詞,一般,*,*,雑音,38
1688,0,除去,名詞,サ変接続,*,*,除去,36
1690,0,雑音,名詞,一般,*,*,雑音,38
1692,0,種類,名詞,一般,*,*,種類,38
1694,0,SN比,名詞,固有名詞,一般,*,SN比,41
1696,0,検出限界,名詞,固有名詞,一般,*,検出限界,41
1698,0,雑音指数,名詞,固有名詞,一般,*,雑音指数,41
1700,0,雑音,名詞,一般,*,*,雑音,38
1702,0,除去,名詞,サ変接続,*,*,除去,36
1705,0,雑音,名詞,一般,*,*,雑音,38
1707,0,説明,名詞,サ変接続,*,*,説明,36
1708,0,アナログ,名詞,一般,*,*,アナログ,38
1709,0,量,名詞,接尾,一般,*,量,51
1711,0,扱い,動詞,自立,*,*,扱う,31
1714,0,演算,名詞,サ変接続,*,*,演算,36
1715,0,増幅器,名詞,一般,*,*,増幅器,38
1717,0,内部抵抗,名詞,固有名詞,一般,*,内部抵抗,41
1719,0,フィルタ,名詞,一般,*,*,フィルタ,38
1721,0,演算,名詞,サ変接続,*,*,演算,36
1722,0,増幅器,名詞,一般,*,*,増幅器,38
1724,0,内部抵抗,名詞,固有名詞,一般,*,内部抵抗,41
1726,0,フィルタ,名詞,一般,*,*,フィルタ,38
1729,0,アナログ,名詞,一般,*,*,アナログ,38
1730,0,量,名詞,接尾,一般,*,量,51
1732,0,扱い,名詞,サ変接続,*,*,扱い,36
1733,0,方,名詞,接尾,一般,*,方,51
1735,0,説明,名詞,サ変接続,*,*,説明,36
1736,0,ディジタル,名詞,一般,*,*,ディジタル,38
1737,0,量,名詞,接尾,一般,*,量,51
1739,0,扱い,動詞,自立,*,*,扱う,31
1742,0,2進法,名詞,固有名詞,一般,*,2進法,41
1746,0,法,名詞,接尾,一般,*,法,51
1750,0,法,名詞,接尾,一般,*,法,51
1752,0,データ,名詞,一般,*,*,データ,38
1754,0,符号化,名詞,固有名詞,一般,*,符号化,41
1756,0,データ,名詞,一般,*,*,データ,38
1757,0,変換,名詞,サ変接続,*,*,変換,36
1759,0,伝送,名詞,サ変接続,*,*,伝送,36
1760,0,方式,名詞,一般,*,*,方式,38
1762,0,2進法,名詞,固有名詞,一般,*,2進法,41
1766,0,法,名詞,接尾,一般,*,法,51
1770,0,法,名詞,接尾,一般,*,法,51
1772,0,データ,名詞,一般,*,*,データ,38
1774,0,符号化,名詞,固有名詞,一般,*,符号化,41
1776,0,データ,名詞,一般,*,*,データ,38
1777,0,変換,名詞,サ変接続,*,*,変換,36
1779,0,伝送,名詞,サ変接続,*,*,伝送,36
1780,0,方式,名詞,一般,*,*,方式,38
1783,0,ディジタル,名詞,一般,*,*,ディジタル,38
1784,0,量,名詞,接尾,一般,*,量,51
1786,0,扱い,名詞,サ変接続,*,*,扱い,36
1787,0,方,名詞,接尾,一般,*,方,51
1789,0,学ぶ,動詞,自立,*,*,学ぶ,31
1790,0,電圧,名詞,一般,*,*,電圧,38
1792,0,電流,名詞,一般,*,*,電流,38
1794,0,測定,名詞,サ変接続,*,*,測定,36
1796,0,直流,名詞,サ変接続,*,*,直流,36
1798,0,測定,名詞,サ変接続,*,*,測定,36
1800,0,交流,名詞,サ変接続,*,*,交流,36
1801,0,波形,名詞,一般,*,*,波形,38
1803,0,実効値,名詞,固有名詞,一般,*,実効値,41
1805,0,交流,名詞,サ変接続,*,*,交流,36
1807,0,測定,名詞,サ変接続,*,*,測定,36
1811,0,直流,名詞,サ変接続,*,*,直流,36
1813,0,測定,名詞,サ変接続,*,*,測定,36
1815,0,交流,名詞,サ変接続,*,*,交流,36
1816,0,波形,名詞,一般,*,*,波形,38
1818,0,実効値,名詞,固有名詞,一般,*,実効値,41
1820,0,交流,名詞,サ変接続,*,*,交流,36
1822,0,測定,名詞,サ変接続,*,*,測定,36
1827,0,電圧,名詞,一般,*,*,電圧,38
1829,0,電流,名詞,一般,*,*,電流,38
1831,0,測定,名詞,サ変接続,*,*,測定,36
1833,0,学ぶ,動詞,自立,*,*,学ぶ,31
1834,0,電力,名詞,一般,*,*,電力,38
1836,0,測定,名詞,サ変接続,*,*,測定,36
1838,0,直流,名詞,サ変接続,*,*,直流,36
1840,0,交流,名詞,サ変接続,*,*,交流,36
1842,0,電力,名詞,一般,*,*,電力,38
1843,0,測定,名詞,サ変接続,*,*,測定,36
1845,0,力率,名詞,固有名詞,一般,*,力率,41
1847,0,各種,名詞,一般,*,*,各種,38
1848,0,電力計,名詞,固有名詞,一般,*,電力計,41
1851,0,相,名詞,接尾,一般,*,相,51
1852,0,交流,名詞,サ変接続,*,*,交流,36
1853,0,電力,名詞,一般,*,*,電力,38
1854,0,測定,名詞,サ変接続,*,*,測定,36
1856,0,直流,名詞,サ変接続,*,*,直流,36
1858,0,交流,名詞,サ変接続,*,*,交流,36
1860,0,電力,名詞,一般,*,*,電力,38
1861,0,測定,名詞,サ変接続,*,*,測定,36
1863,0,力率,名詞,固有名詞,一般,*,力率,41
1865,0,各種,名詞,一般,*,*,各種,38
1866,0,電力計,名詞,固有名詞,一般,*,電力計,41
1869,0,相,名詞,接尾,一般,*,相,51
1870,0,交流,名詞,サ変接続,*,*,交流,36
1871,0,電力,名詞,一般,*,*,電力,38
1872,0,測定,名詞,サ変接続,*,*,測定,36
1875,0,電力,名詞,一般,*,*,電力,38
1877,0,測定,名詞,サ変接続,*,*,測定,36
1879,0,学ぶ,動詞,自立,*,*,学ぶ,31
1880,0,抵抗,名詞,サ変接続,*,*,抵抗,36
1882,0,インピーダンス,名詞,固有名詞,一般,*,インピーダンス,41
1884,0,測定,名詞,サ変接続,*,*,測定,36
1886,0,電圧計,名詞,固有名詞,一般,*,電圧計,41
1888,0,電流計,名詞,固有名詞,一般,*,電流計,41
1890,0,抵抗,名詞,サ変接続,*,*,抵抗,36
1891,0,測定,名詞,サ変接続,*,*,測定,36
1893,0,直流,名詞,サ変接続,*,*,直流,36
1895,0,交流,名詞,サ変接続,*,*,交流,36
1896,0,ブリッジ,名詞,一般,*,*,ブリッジ,38
1898,0,電圧計,名詞,固有名詞,一般,*,電圧計,41
1900,0,電流計,名詞,固有名詞,一般,*,電流計,41
1902,0,抵抗,名詞,サ変接続,*,*,抵抗,36
1903,0,測定,名詞,サ変接続,*,*,測定,36
1905,0,直流,名詞,サ変接続,*,*,直流,36
1907,0,交流,名詞,サ変接続,*,*,交流,36
1908,0,ブリッジ,名詞,一般,*,*,ブリッジ,38
1911,0,抵抗,名詞,サ変接続,*,*,抵抗,36
1913,0,インピーダンス,名詞,固有名詞,一般,*,インピーダンス,41
1915,0,測定,名詞,サ変接続,*,*,測定,36
1917,0,学ぶ,動詞,自立,*,*,学ぶ,31
1921,0,教授,名詞,一般,*,*,教授,38
1922,0,内容,名詞,一般,*,*,内容,38
1924,0,理解度,名詞,固有名詞,一般,*,理解度,41
1926,0,確認,名詞,サ変接続,*,*,確認,36
1927,0,理解度,名詞,固有名詞,一般,*,理解度,41
1928,0,確認,名詞,サ変接続,*,*,確認,36
1930,0,到達,名詞,サ変接続,*,*,到達,36
1931,0,度,名詞,接尾,一般,*,度,51
1932,0,自己評価,名詞,固有名詞,一般,*,自己評価,41
1934,0,実施,名詞,サ変接続,*,*,実施,36
1936,0,高周波,名詞,一般,*,*,高周波,38
1937,0,測定,名詞,サ変接続,*,*,測定,36
1939,0,高周波,名詞,一般,*,*,高周波,38
1940,0,インピーダンス,名詞,固有名詞,一般,*,インピーダンス,41
1942,0,測定,名詞,サ変接続,*,*,測定,36
1944,0,ネットワークアナライザ,名詞,固有名詞,一般,*,ネットワーク・アナライザ,41
1946,0,スペクトラムアナライザ,名詞,固有名詞,一般,*,スペクトラムアナライザ,41
1948,0,分布定数回路,名詞,固有名詞,一般,*,分布定数回路,41
1950,0,微分方程式,名詞,固有名詞,一般,*,微分方程式,41
1951,0,導出,名詞,サ変接続,*,*,導出,36
1953,0,定在波比,名詞,固有名詞,一般,*,定在波比,41
1955,0,説明,名詞,サ変接続,*,*,説明,36
1956,0,信号,名詞,一般,*,*,信号,38
1957,0,源,名詞,接尾,一般,*,源,51
1959,0,ファンクションジェネレータ,名詞,固有名詞,一般,*,ファンクションジェネレータ,41
1961,0,周波数シンセサイザ,名詞,固有名詞,一般,*,周波数シンセサイザ,41
1963,0,アナログ,名詞,一般,*,*,アナログ,38
1964,0,ファンクションジェネレータ,名詞,固有名詞,一般,*,ファンクションジェネレータ,41
1966,0,三角波,名詞,一般,*,*,三角波,38
1967,0,発生,名詞,サ変接続,*,*,発生,36
1968,0,原理,名詞,一般,*,*,原理,38
1970,0,説明,名詞,サ変接続,*,*,説明,36
1974,0,DDS,名詞,固有名詞,一般,*,DDS,41
1976,0,周波数シンセサイザ,名詞,固有名詞,一般,*,周波数シンセサイザ,41
1977,0,構成,名詞,サ変接続,*,*,構成,36
1978,0,法,名詞,接尾,一般,*,法,51
1980,0,説明,名詞,サ変接続,*,*,説明,36
1981,0,周波数,名詞,一般,*,*,周波数,38
1983,0,位相,名詞,一般,*,*,位相,38
1985,0,測定,名詞,サ変接続,*,*,測定,36
1987,0,周波数カウンタ,名詞,固有名詞,一般,*,周波数カウンタ,41
1989,0,周波数,名詞,一般,*,*,周波数,38
1991,0,位相,名詞,一般,*,*,位相,38
1993,0,測定,名詞,サ変接続,*,*,測定,36
1995,0,周波数カウンタ,名詞,固有名詞,一般,*,周波数カウンタ,41
1997,0,周波数,名詞,一般,*,*,周波数,38
1998,0,分解能,名詞,一般,*,*,分解能,38
2000,0,時間分解能,名詞,固有名詞,一般,*,時間分解能,41
2002,0,関係,名詞,サ変接続,*,*,関係,36
2004,0,説明,名詞,サ変接続,*,*,説明,36
2007,0,図形,名詞,一般,*,*,図形,38
2009,0,式,名詞,一般,*,*,式,38
2011,0,導出,名詞,サ変接続,*,*,導出,36
2012,0,磁気,名詞,一般,*,*,磁気,38
2013,0,測定,名詞,サ変接続,*,*,測定,36
2015,0,磁界,名詞,一般,*,*,磁界,38
2017,0,測定,名詞,サ変接続,*,*,測定,36
2019,0,磁束,名詞,一般,*,*,磁束,38
2021,0,測定,名詞,サ変接続,*,*,測定,36
2023,0,磁化率,名詞,固有名詞,一般,*,磁化率,41
2025,0,測定,名詞,サ変接続,*,*,測定,36
2027,0,磁性材料,名詞,固有名詞,一般,*,磁性材料,41
2029,0,磁気,名詞,一般,*,*,磁気,38
2030,0,特性,名詞,一般,*,*,特性,38
2032,0,測定,名詞,サ変接続,*,*,測定,36
2035,0,ホール効果,名詞,固有名詞,一般,*,ホール効果,41
2037,0,磁気抵抗効果,名詞,固有名詞,一般,*,磁気抵抗効果,41
2042,0,曲線,名詞,一般,*,*,曲線,38
2044,0,説明,名詞,サ変接続,*,*,説明,36
2045,0,波形,名詞,一般,*,*,波形,38
2046,0,測定,名詞,サ変接続,*,*,測定,36
2048,0,アナログ,名詞,一般,*,*,アナログ,38
2050,0,ディジタル,名詞,一般,*,*,ディジタル,38
2051,0,オシロスコープ,名詞,一般,*,*,オシロスコープ,38
2053,0,ロジックアナライザ,名詞,固有名詞,一般,*,ロジックアナライザ,41
2055,0,アナログ,名詞,一般,*,*,アナログ,38
2056,0,オシロスコープ,名詞,一般,*,*,オシロスコープ,38
2058,0,ディジタル,名詞,一般,*,*,ディジタル,38
2059,0,オシロスコープ,名詞,一般,*,*,オシロスコープ,38
2061,0,原理,名詞,一般,*,*,原理,38
2063,0,説明,名詞,サ変接続,*,*,説明,36
2065,0,プローブ,名詞,固有名詞,人名,一般,prove,42
2067,0,説明,名詞,サ変接続,*,*,説明,36
2071,0,ポスト,名詞,一般,*,*,ポスト,38
2072,0,トリガ,名詞,サ変接続,*,*,トリガ,36
2074,0,等価,名詞,一般,*,*,等価,38
2075,0,サンプリング,名詞,サ変接続,*,*,サンプリング,36
2076,0,等,名詞,接尾,一般,*,等,51
2077,0,ディジタル,名詞,一般,*,*,ディジタル,38
2078,0,オシロスコープ,名詞,一般,*,*,オシロスコープ,38
2079,0,特有,名詞,一般,*,*,特有,38
2081,0,機能,名詞,サ変接続,*,*,機能,36
2083,0,説明,名詞,サ変接続,*,*,説明,36
2086,0,単発,名詞,一般,*,*,単発,38
2087,0,現象,名詞,一般,*,*,現象,38
2089,0,捉える,動詞,自立,*,*,捉える,31
2090,0,トリガ,名詞,サ変接続,*,*,トリガ,36
2092,0,かけ,動詞,自立,*,*,かける,31
2095,0,述べる,動詞,自立,*,*,述べる,31
2096,0,センサ,名詞,固有名詞,一般,*,センサ,41
2098,0,用い,動詞,自立,*,*,用いる,31
2100,0,計測,名詞,サ変接続,*,*,計測,36
2102,0,温度,名詞,一般,*,*,温度,38
2103,0,センサ,名詞,固有名詞,一般,*,センサ,41
2105,0,光,名詞,一般,*,*,光,38
2106,0,センサ,名詞,固有名詞,一般,*,センサ,41
2111,0,変換,名詞,サ変接続,*,*,変換,36
2112,0,器,名詞,接尾,一般,*,器,51
2114,0,使い方,名詞,一般,*,*,使い方,38
2116,0,基本,名詞,一般,*,*,基本,38
2117,0,的,名詞,接尾,形容動詞語幹,*,的,52
2119,0,物理,名詞,一般,*,*,物理,38
2120,0,量,名詞,接尾,一般,*,量,51
2122,0,計測,名詞,サ変接続,*,*,計測,36
2124,0,センサ,名詞,固有名詞,一般,*,センサ,41
2126,0,原理,名詞,一般,*,*,原理,38
2128,0,コンピュータ,名詞,一般,*,*,コンピュータ,38
2130,0,データ,名詞,一般,*,*,データ,38
2132,0,取り込む,動詞,自立,*,*,取り込む,31
2133,0,方法,名詞,一般,*,*,方法,38
2135,0,説明,名詞,サ変接続,*,*,説明,36
2136,0,コンピュータ,名詞,一般,*,*,コンピュータ,38
2137,0,計測,名詞,サ変接続,*,*,計測,36
2139,0,組み込みシステム,名詞,固有名詞,一般,*,組み込みシステム,41
2141,0,I/O,名詞,固有名詞,一般,*,I/O,41
2143,0,マイコン,名詞,一般,*,*,マイコン,38
2145,0,FPGA,名詞,固有名詞,一般,*,FPGA,41
2147,0,計測,名詞,サ変接続,*,*,計測,36
2148,0,用,名詞,接尾,一般,*,用,51
2149,0,ソフトウエア,名詞,一般,*,*,ソフトウエア,38
2151,0,マイコン,名詞,一般,*,*,マイコン,38
2153,0,FPGA,名詞,固有名詞,一般,*,FPGA,41
2155,0,I/O,名詞,固有名詞,一般,*,I/O,41
2157,0,制御,名詞,サ変接続,*,*,制御,36
2158,0,方法,名詞,一般,*,*,方法,38
2160,0,説明,名詞,サ変接続,*,*,説明,36
2161,0,計測,名詞,サ変接続,*,*,計測,36
2163,0,基礎,名詞,一般,*,*,基礎,38
2165,0,計測,名詞,サ変接続,*,*,計測,36
2167,0,意義,名詞,一般,*,*,意義,38
2169,0,計測器,名詞,固有名詞,一般,*,計測器,41
2171,0,性能,名詞,一般,*,*,性能,38
2173,0,示す,動詞,自立,*,*,示す,31
2174,0,指標,名詞,一般,*,*,指標,38
2176,0,誤差,名詞,一般,*,*,誤差,38
2178,0,有効数字,名詞,固有名詞,一般,*,有効数字,41
2181,0,表示,名詞,サ変接続,*,*,表示,36
2183,0,単位,名詞,一般,*,*,単位,38
2185,0,標準,名詞,一般,*,*,標準,38
2187,0,計測,名詞,サ変接続,*,*,計測,36
2189,0,意義,名詞,一般,*,*,意義,38
2191,0,計測器,名詞,固有名詞,一般,*,計測器,41
2193,0,性能,名詞,一般,*,*,性能,38
2195,0,示す,動詞,自立,*,*,示す,31
2196,0,指標,名詞,一般,*,*,指標,38
2198,0,誤差,名詞,一般,*,*,誤差,38
2200,0,有効数字,名詞,固有名詞,一般,*,有効数字,41
2203,0,表示,名詞,サ変接続,*,*,表示,36
2205,0,単位,名詞,一般,*,*,単位,38
2207,0,標準,名詞,一般,*,*,標準,38
2210,0,計測,名詞,サ変接続,*,*,計測,36
2212,0,基礎,名詞,一般,*,*,基礎,38
2214,0,説明,名詞,サ変接続,*,*,説明,36
2215,0,雑音,名詞,一般,*,*,雑音,38
2217,0,雑音,名詞,一般,*,*,雑音,38
2219,0,種類,名詞,一般,*,*,種類,38
2221,0,SN比,名詞,固有名詞,一般,*,SN比,41
2223,0,検出限界,名詞,固有名詞,一般,*,検出限界,41
2225,0,雑音指数,名詞,固有名詞,一般,*,雑音指数,41
2227,0,雑音,名詞,一般,*,*,雑音,38
2229,0,除去,名詞,サ変接続,*,*,除去,36
2231,0,雑音,名詞,一般,*,*,雑音,38
2233,0,種類,名詞,一般,*,*,種類,38
2235,0,SN比,名詞,固有名詞,一般,*,SN比,41
2237,0,検出限界,名詞,固有名詞,一般,*,検出限界,41
2239,0,雑音指数,名詞,固有名詞,一般,*,雑音指数,41
2241,0,雑音,名詞,一般,*,*,雑音,38
2243,0,除去,名詞,サ変接続,*,*,除去,36
2246,0,雑音,名詞,一般,*,*,雑音,38
2248,0,説明,名詞,サ変接続,*,*,説明,36
2249,0,アナログ,名詞,一般,*,*,アナログ,38
2250,0,量,名詞,接尾,一般,*,量,51
2252,0,扱い,動詞,自立,*,*,扱う,31
2255,0,演算,名詞,サ変接続,*,*,演算,36
2256,0,増幅器,名詞,一般,*,*,増幅器,38
2258,0,内部抵抗,名詞,固有名詞,一般,*,内部抵抗,41
2260,0,フィルタ,名詞,一般,*,*,フィルタ,38
2262,0,演算,名詞,サ変接続,*,*,演算,36
2263,0,増幅器,名詞,一般,*,*,増幅器,38
2265,0,内部抵抗,名詞,固有名詞,一般,*,内部抵抗,41
2267,0,フィルタ,名詞,一般,*,*,フィルタ,38
2270,0,アナログ,名詞,一般,*,*,アナログ,38
2271,0,量,名詞,接尾,一般,*,量,51
2273,0,扱い,名詞,サ変接続,*,*,扱い,36
2274,0,方,名詞,接尾,一般,*,方,51
2276,0,説明,名詞,サ変接続,*,*,説明,36
2277,0,ディジタル,名詞,一般,*,*,ディジタル,38
2278,0,量,名詞,接尾,一般,*,量,51
2280,0,扱い,動詞,自立,*,*,扱う,31
2283,0,2進法,名詞,固有名詞,一般,*,2進法,41
2287,0,法,名詞,接尾,一般,*,法,51
2291,0,法,名詞,接尾,一般,*,法,51
2293,0,データ,名詞,一般,*,*,データ,38
2295,0,符号化,名詞,固有名詞,一般,*,符号化,41
2297,0,データ,名詞,一般,*,*,データ,38
2298,0,変換,名詞,サ変接続,*,*,変換,36
2300,0,伝送,名詞,サ変接続,*,*,伝送,36
2301,0,方式,名詞,一般,*,*,方式,38
2303,0,2進法,名詞,固有名詞,一般,*,2進法,41
2307,0,法,名詞,接尾,一般,*,法,51
2311,0,法,名詞,接尾,一般,*,法,51
2313,0,データ,名詞,一般,*,*,データ,38
2315,0,符号化,名詞,固有名詞,一般,*,符号化,41
2317,0,データ,名詞,一般,*,*,データ,38
2318,0,変換,名詞,サ変接続,*,*,変換,36
2320,0,伝送,名詞,サ変接続,*,*,伝送,36
2321,0,方式,名詞,一般,*,*,方式,38
2324,0,ディジタル,名詞,一般,*,*,ディジタル,38
2325,0,量,名詞,接尾,一般,*,量,51
2327,0,扱い,名詞,サ変接続,*,*,扱い,36
2328,0,方,名詞,接尾,一般,*,方,51
2330,0,学ぶ,動詞,自立,*,*,学ぶ,31
2331,0,電圧,名詞,一般,*,*,電圧,38
2333,0,電流,名詞,一般,*,*,電流,38
2335,0,測定,名詞,サ変接続,*,*,測定,36
2337,0,直流,名詞,サ変接続,*,*,直流,36
2339,0,測定,名詞,サ変接続,*,*,測定,36
2341,0,交流,名詞,サ変接続,*,*,交流,36
2342,0,波形,名詞,一般,*,*,波形,38
2344,0,実効値,名詞,固有名詞,一般,*,実効値,41
2346,0,交流,名詞,サ変接続,*,*,交流,36
2348,0,測定,名詞,サ変接続,*,*,測定,36
2352,0,直流,名詞,サ変接続,*,*,直流,36
2354,0,測定,名詞,サ変接続,*,*,測定,36
2356,0,交流,名詞,サ変接続,*,*,交流,36
2357,0,波形,名詞,一般,*,*,波形,38
2359,0,実効値,名詞,固有名詞,一般,*,実効値,41
2361,0,交流,名詞,サ変接続,*,*,交流,36
2363,0,測定,名詞,サ変接続,*,*,測定,36
2368,0,電圧,名詞,一般,*,*,電圧,38
2370,0,電流,名詞,一般,*,*,電流,38
2372,0,測定,名詞,サ変接続,*,*,測定,36
2374,0,学ぶ,動詞,自立,*,*,学ぶ,31
2375,0,電力,名詞,一般,*,*,電力,38
2377,0,測定,名詞,サ変接続,*,*,測定,36
2379,0,直流,名詞,サ変接続,*,*,直流,36
2381,0,交流,名詞,サ変接続,*,*,交流,36
2383,0,電力,名詞,一般,*,*,電力,38
2384,0,測定,名詞,サ変接続,*,*,測定,36
2386,0,力率,名詞,固有名詞,一般,*,力率,41
2388,0,各種,名詞,一般,*,*,各種,38
2389,0,電力計,名詞,固有名詞,一般,*,電力計,41
2392,0,相,名詞,接尾,一般,*,相,51
2393,0,交流,名詞,サ変接続,*,*,交流,36
2394,0,電力,名詞,一般,*,*,電力,38
2395,0,測定,名詞,サ変接続,*,*,測定,36
2397,0,直流,名詞,サ変接続,*,*,直流,36
2399,0,交流,名詞,サ変接続,*,*,交流,36
2401,0,電力,名詞,一般,*,*,電力,38
2402,0,測定,名詞,サ変接続,*,*,測定,36
2404,0,力率,名詞,固有名詞,一般,*,力率,41
2406,0,各種,名詞,一般,*,*,各種,38
2407,0,電力計,名詞,固有名詞,一般,*,電力計,41
2410,0,相,名詞,接尾,一般,*,相,51
2411,0,交流,名詞,サ変接続,*,*,交流,36
2412,0,電力,名詞,一般,*,*,電力,38
2413,0,測定,名詞,サ変接続,*,*,測定,36
2416,0,電力,名詞,一般,*,*,電力,38
2418,0,測定,名詞,サ変接続,*,*,測定,36
2420,0,学ぶ,動詞,自立,*,*,学ぶ,31
2421,0,抵抗,名詞,サ変接続,*,*,抵抗,36
2423,0,インピーダンス,名詞,固有名詞,一般,*,インピーダンス,41
2425,0,測定,名詞,サ変接続,*,*,測定,36
2427,0,電圧計,名詞,固有名詞,一般,*,電圧計,41
2429,0,電流計,名詞,固有名詞,一般,*,電流計,41
2431,0,抵抗,名詞,サ変接続,*,*,抵抗,36
2432,0,測定,名詞,サ変接続,*,*,測定,36
2434,0,直流,名詞,サ変接続,*,*,直流,36
2436,0,交流,名詞,サ変接続,*,*,交流,36
2437,0,ブリッジ,名詞,一般,*,*,ブリッジ,38
2440,0,理解度,名詞,固有名詞,一般,*,理解度,41
2442,0,確認,名詞,サ変接続,*,*,確認,36
2443,0,電圧計,名詞,固有名詞,一般,*,電圧計,41
2445,0,電流計,名詞,固有名詞,一般,*,電流計,41
2447,0,抵抗,名詞,サ変接続,*,*,抵抗,36
2448,0,測定,名詞,サ変接続,*,*,測定,36
2450,0,直流,名詞,サ変接続,*,*,直流,36
2452,0,交流,名詞,サ変接続,*,*,交流,36
2453,0,ブリッジ,名詞,一般,*,*,ブリッジ,38
2456,0,抵抗,名詞,サ変接続,*,*,抵抗,36
2458,0,インピーダンス,名詞,固有名詞,一般,*,インピーダンス,41
2460,0,測定,名詞,サ変接続,*,*,測定,36
2462,0,学ぶ,動詞,自立,*,*,学ぶ,31
2466,0,理解度,名詞,固有名詞,一般,*,理解度,41
2468,0,確認,名詞,サ変接続,*,*,確認,36
2470,0,レポート,名詞,サ変接続,*,*,レポート,36
2472,0,実施,名詞,サ変接続,*,*,実施,36
2474,0,高周波,名詞,一般,*,*,高周波,38
2475,0,測定,名詞,サ変接続,*,*,測定,36
2477,0,高周波,名詞,一般,*,*,高周波,38
2478,0,インピーダンス,名詞,固有名詞,一般,*,インピーダンス,41
2480,0,測定,名詞,サ変接続,*,*,測定,36
2482,0,ネットワークアナライザ,名詞,固有名詞,一般,*,ネットワーク・アナライザ,41
2484,0,スペクトラムアナライザ,名詞,固有名詞,一般,*,スペクトラムアナライザ,41
2486,0,分布定数回路,名詞,固有名詞,一般,*,分布定数回路,41
2488,0,微分方程式,名詞,固有名詞,一般,*,微分方程式,41
2489,0,導出,名詞,サ変接続,*,*,導出,36
2491,0,定在波比,名詞,固有名詞,一般,*,定在波比,41
2493,0,説明,名詞,サ変接続,*,*,説明,36
2494,0,信号,名詞,一般,*,*,信号,38
2495,0,源,名詞,接尾,一般,*,源,51
2497,0,ファンクションジェネレータ,名詞,固有名詞,一般,*,ファンクションジェネレータ,41
2499,0,周波数シンセサイザ,名詞,固有名詞,一般,*,周波数シンセサイザ,41
2501,0,アナログ,名詞,一般,*,*,アナログ,38
2502,0,ファンクションジェネレータ,名詞,固有名詞,一般,*,ファンクションジェネレータ,41
2504,0,三角波,名詞,一般,*,*,三角波,38
2505,0,発生,名詞,サ変接続,*,*,発生,36
2506,0,原理,名詞,一般,*,*,原理,38
2508,0,説明,名詞,サ変接続,*,*,説明,36
2512,0,DDS,名詞,固有名詞,一般,*,DDS,41
2514,0,周波数シンセサイザ,名詞,固有名詞,一般,*,周波数シンセサイザ,41
2515,0,構成,名詞,サ変接続,*,*,構成,36
2516,0,法,名詞,接尾,一般,*,法,51
2518,0,説明,名詞,サ変接続,*,*,説明,36
2519,0,周波数,名詞,一般,*,*,周波数,38
2521,0,位相,名詞,一般,*,*,位相,38
2523,0,測定,名詞,サ変接続,*,*,測定,36
2525,0,周波数カウンタ,名詞,固有名詞,一般,*,周波数カウンタ,41
2527,0,周波数,名詞,一般,*,*,周波数,38
2529,0,位相,名詞,一般,*,*,位相,38
2531,0,測定,名詞,サ変接続,*,*,測定,36
2533,0,周波数カウンタ,名詞,固有名詞,一般,*,周波数カウンタ,41
2535,0,周波数,名詞,一般,*,*,周波数,38
2536,0,分解能,名詞,一般,*,*,分解能,38
2538,0,時間分解能,名詞,固有名詞,一般,*,時間分解能,41
2540,0,関係,名詞,サ変接続,*,*,関係,36
2542,0,説明,名詞,サ変接続,*,*,説明,36
2545,0,図形,名詞,一般,*,*,図形,38
2547,0,式,名詞,一般,*,*,式,38
2549,0,導出,名詞,サ変接続,*,*,導出,36
2550,0,磁気,名詞,一般,*,*,磁気,38
2551,0,測定,名詞,サ変接続,*,*,測定,36
2553,0,磁界,名詞,一般,*,*,磁界,38
2555,0,測定,名詞,サ変接続,*,*,測定,36
2557,0,磁束,名詞,一般,*,*,磁束,38
2559,0,測定,名詞,サ変接続,*,*,測定,36
2561,0,磁化率,名詞,固有名詞,一般,*,磁化率,41
2563,0,測定,名詞,サ変接続,*,*,測定,36
2565,0,磁性材料,名詞,固有名詞,一般,*,磁性材料,41
2567,0,磁気,名詞,一般,*,*,磁気,38
2568,0,特性,名詞,一般,*,*,特性,38
2570,0,測定,名詞,サ変接続,*,*,測定,36
2573,0,ホール効果,名詞,固有名詞,一般,*,ホール効果,41
2575,0,磁気抵抗効果,名詞,固有名詞,一般,*,磁気抵抗効果,41
2580,0,曲線,名詞,一般,*,*,曲線,38
2582,0,説明,名詞,サ変接続,*,*,説明,36
2583,0,波形,名詞,一般,*,*,波形,38
2584,0,測定,名詞,サ変接続,*,*,測定,36
2586,0,アナログ,名詞,一般,*,*,アナログ,38
2588,0,ディジタル,名詞,一般,*,*,ディジタル,38
2589,0,オシロスコープ,名詞,一般,*,*,オシロスコープ,38
2591,0,ロジックアナライザ,名詞,固有名詞,一般,*,ロジックアナライザ,41
2593,0,アナログ,名詞,一般,*,*,アナログ,38
2594,0,オシロスコープ,名詞,一般,*,*,オシロスコープ,38
2596,0,ディジタル,名詞,一般,*,*,ディジタル,38
2597,0,オシロスコープ,名詞,一般,*,*,オシロスコープ,38
2599,0,原理,名詞,一般,*,*,原理,38
2601,0,説明,名詞,サ変接続,*,*,説明,36
2603,0,プローブ,名詞,固有名詞,人名,一般,prove,42
2605,0,説明,名詞,サ変接続,*,*,説明,36
2609,0,ポスト,名詞,一般,*,*,ポスト,38
2610,0,トリガ,名詞,サ変接続,*,*,トリガ,36
2612,0,等価,名詞,一般,*,*,等価,38
2613,0,サンプリング,名詞,サ変接続,*,*,サンプリング,36
2614,0,等,名詞,接尾,一般,*,等,51
2615,0,ディジタル,名詞,一般,*,*,ディジタル,38
2616,0,オシロスコープ,名詞,一般,*,*,オシロスコープ,38
2617,0,特有,名詞,一般,*,*,特有,38
2619,0,機能,名詞,サ変接続,*,*,機能,36
2621,0,説明,名詞,サ変接続,*,*,説明,36
2624,0,単発,名詞,一般,*,*,単発,38
2625,0,現象,名詞,一般,*,*,現象,38
2627,0,捉える,動詞,自立,*,*,捉える,31
2628,0,トリガ,名詞,サ変接続,*,*,トリガ,36
2630,0,かけ,動詞,自立,*,*,かける,31
2633,0,述べる,動詞,自立,*,*,述べる,31
2634,0,センサ,名詞,固有名詞,一般,*,センサ,41
2636,0,用い,動詞,自立,*,*,用いる,31
2638,0,計測,名詞,サ変接続,*,*,計測,36
2640,0,温度,名詞,一般,*,*,温度,38
2641,0,センサ,名詞,固有名詞,一般,*,センサ,41
2643,0,光,名詞,一般,*,*,光,38
2644,0,センサ,名詞,固有名詞,一般,*,センサ,41
2649,0,変換,名詞,サ変接続,*,*,変換,36
2650,0,器,名詞,接尾,一般,*,器,51
2652,0,使い方,名詞,一般,*,*,使い方,38
2654,0,基本,名詞,一般,*,*,基本,38
2655,0,的,名詞,接尾,形容動詞語幹,*,的,52
2657,0,物理,名詞,一般,*,*,物理,38
2658,0,量,名詞,接尾,一般,*,量,51
2660,0,計測,名詞,サ変接続,*,*,計測,36
2662,0,センサ,名詞,固有名詞,一般,*,センサ,41
2664,0,原理,名詞,一般,*,*,原理,38
2666,0,コンピュータ,名詞,一般,*,*,コンピュータ,38
2668,0,データ,名詞,一般,*,*,データ,38
2670,0,取り込む,動詞,自立,*,*,取り込む,31
2671,0,方法,名詞,一般,*,*,方法,38
2673,0,説明,名詞,サ変接続,*,*,説明,36
2674,0,コンピュータ,名詞,一般,*,*,コンピュータ,38
2675,0,計測,名詞,サ変接続,*,*,計測,36
2677,0,組み込みシステム,名詞,固有名詞,一般,*,組み込みシステム,41
2679,0,I/O,名詞,固有名詞,一般,*,I/O,41
2681,0,マイコン,名詞,一般,*,*,マイコン,38
2683,0,FPGA,名詞,固有名詞,一般,*,FPGA,41
2685,0,計測,名詞,サ変接続,*,*,計測,36
2686,0,用,名詞,接尾,一般,*,用,51
2687,0,ソフトウエア,名詞,一般,*,*,ソフトウエア,38
2689,0,マイコン,名詞,一般,*,*,マイコン,38
2691,0,FPGA,名詞,固有名詞,一般,*,FPGA,41
2693,0,I/O,名詞,固有名詞,一般,*,I/O,41
2695,0,制御,名詞,サ変接続,*,*,制御,36
2696,0,方法,名詞,一般,*,*,方法,38
2698,0,説明,名詞,サ変接続,*,*,説明,36
2699,0,計測,名詞,サ変接続,*,*,計測,36
2701,0,基礎,名詞,一般,*,*,基礎,38
2703,0,計測,名詞,サ変接続,*,*,計測,36
2705,0,意義,名詞,一般,*,*,意義,38
2707,0,計測器,名詞,固有名詞,一般,*,計測器,41
2709,0,性能,名詞,一般,*,*,性能,38
2711,0,示す,動詞,自立,*,*,示す,31
2712,0,指標,名詞,一般,*,*,指標,38
2714,0,誤差,名詞,一般,*,*,誤差,38
2716,0,有効数字,名詞,固有名詞,一般,*,有効数字,41
2719,0,表示,名詞,サ変接続,*,*,表示,36
2721,0,単位,名詞,一般,*,*,単位,38
2723,0,標準,名詞,一般,*,*,標準,38
2725,0,計測,名詞,サ変接続,*,*,計測,36
2727,0,意義,名詞,一般,*,*,意義,38
2729,0,計測器,名詞,固有名詞,一般,*,計測器,41
2731,0,性能,名詞,一般,*,*,性能,38
2733,0,示す,動詞,自立,*,*,示す,31
2734,0,指標,名詞,一般,*,*,指標,38
2736,0,誤差,名詞,一般,*,*,誤差,38
2738,0,有効数字,名詞,固有名詞,一般,*,有効数字,41
2741,0,表示,名詞,サ変接続,*,*,表示,36
2743,0,単位,名詞,一般,*,*,単位,38
2745,0,標準,名詞,一般,*,*,標準,38
2748,0,計測,名詞,サ変接続,*,*,計測,36
2750,0,基礎,名詞,一般,*,*,基礎,38
2752,0,説明,名詞,サ変接続,*,*,説明,36
2753,0,雑音,名詞,一般,*,*,雑音,38
2755,0,雑音,名詞,一般,*,*,雑音,38
2757,0,種類,名詞,一般,*,*,種類,38
2759,0,SN比,名詞,固有名詞,一般,*,SN比,41
2761,0,検出限界,名詞,固有名詞,一般,*,検出限界,41
2763,0,雑音指数,名詞,固有名詞,一般,*,雑音指数,41
2765,0,雑音,名詞,一般,*,*,雑音,38
2767,0,除去,名詞,サ変接続,*,*,除去,36
2769,0,雑音,名詞,一般,*,*,雑音,38
2771,0,種類,名詞,一般,*,*,種類,38
2773,0,SN比,名詞,固有名詞,一般,*,SN比,41
2775,0,検出限界,名詞,固有名詞,一般,*,検出限界,41
2777,0,雑音指数,名詞,固有名詞,一般,*,雑音指数,41
2779,0,雑音,名詞,一般,*,*,雑音,38
2781,0,除去,名詞,サ変接続,*,*,除去,36
2784,0,雑音,名詞,一般,*,*,雑音,38
2786,0,説明,名詞,サ変接続,*,*,説明,36
2787,0,アナログ,名詞,一般,*,*,アナログ,38
2788,0,量,名詞,接尾,一般,*,量,51
2790,0,扱い,動詞,自立,*,*,扱う,31
2793,0,演算,名詞,サ変接続,*,*,演算,36
2794,0,増幅器,名詞,一般,*,*,増幅器,38
2796,0,内部抵抗,名詞,固有名詞,一般,*,内部抵抗,41
2798,0,フィルタ,名詞,一般,*,*,フィルタ,38
2800,0,演算,名詞,サ変接続,*,*,演算,36
2801,0,増幅器,名詞,一般,*,*,増幅器,38
2803,0,内部抵抗,名詞,固有名詞,一般,*,内部抵抗,41
2805,0,フィルタ,名詞,一般,*,*,フィルタ,38
2808,0,アナログ,名詞,一般,*,*,アナログ,38
2809,0,量,名詞,接尾,一般,*,量,51
2811,0,扱い,名詞,サ変接続,*,*,扱い,36
2812,0,方,名詞,接尾,一般,*,方,51
2814,0,説明,名詞,サ変接続,*,*,説明,36
2815,0,ディジタル,名詞,一般,*,*,ディジタル,38
2816,0,量,名詞,接尾,一般,*,量,51
2818,0,扱い,動詞,自立,*,*,扱う,31
2821,0,2進法,名詞,固有名詞,一般,*,2進法,41
2825,0,法,名詞,接尾,一般,*,法,51
2829,0,法,名詞,接尾,一般,*,法,51
2831,0,データ,名詞,一般,*,*,データ,38
2833,0,符号化,名詞,固有名詞,一般,*,符号化,41
2835,0,データ,名詞,一般,*,*,データ,38
2836,0,変換,名詞,サ変接続,*,*,変換,36
2838,0,伝送,名詞,サ変接続,*,*,伝送,36
2839,0,方式,名詞,一般,*,*,方式,38
2841,0,2進法,名詞,固有名詞,一般,*,2進法,41
2845,0,法,名詞,接尾,一般,*,法,51
2849,0,法,名詞,接尾,一般,*,法,51
2851,0,データ,名詞,一般,*,*,データ,38
2853,0,符号化,名詞,固有名詞,一般,*,符号化,41
2855,0,データ,名詞,一般,*,*,データ,38
2856,0,変換,名詞,サ変接続,*,*,変換,36
2858,0,伝送,名詞,サ変接続,*,*,伝送,36
2859,0,方式,名詞,一般,*,*,方式,38
2862,0,ディジタル,名詞,一般,*,*,ディジタル,38
2863,0,量,名詞,接尾,一般,*,量,51
2865,0,扱い,名詞,サ変接続,*,*,扱い,36
2866,0,方,名詞,接尾,一般,*,方,51
2868,0,学ぶ,動詞,自立,*,*,学ぶ,31
2869,0,電圧,名詞,一般,*,*,電圧,38
2871,0,電流,名詞,一般,*,*,電流,38
2873,0,測定,名詞,サ変接続,*,*,測定,36
2875,0,直流,名詞,サ変接続,*,*,直流,36
2877,0,測定,名詞,サ変接続,*,*,測定,36
2879,0,交流,名詞,サ変接続,*,*,交流,36
2880,0,波形,名詞,一般,*,*,波形,38
2882,0,実効値,名詞,固有名詞,一般,*,実効値,41
2884,0,交流,名詞,サ変接続,*,*,交流,36
2886,0,測定,名詞,サ変接続,*,*,測定,36
2890,0,直流,名詞,サ変接続,*,*,直流,36
2892,0,測定,名詞,サ変接続,*,*,測定,36
2894,0,交流,名詞,サ変接続,*,*,交流,36
2895,0,波形,名詞,一般,*,*,波形,38
2897,0,実効値,名詞,固有名詞,一般,*,実効値,41
2899,0,交流,名詞,サ変接続,*,*,交流,36
2901,0,測定,名詞,サ変接続,*,*,測定,36
2906,0,電圧,名詞,一般,*,*,電圧,38
2908,0,電流,名詞,一般,*,*,電流,38
2910,0,測定,名詞,サ変接続,*,*,測定,36
2912,0,学ぶ,動詞,自立,*,*,学ぶ,31
2913,0,電力,名詞,一般,*,*,電力,38
2915,0,測定,名詞,サ変接続,*,*,測定,36
2917,0,直流,名詞,サ変接続,*,*,直流,36
2919,0,交流,名詞,サ変接続,*,*,交流,36
2921,0,電力,名詞,一般,*,*,電力,38
2922,0,測定,名詞,サ変接続,*,*,測定,36
2924,0,力率,名詞,固有名詞,一般,*,力率,41
2926,0,各種,名詞,一般,*,*,各種,38
2927,0,電力計,名詞,固有名詞,一般,*,電力計,41
2930,0,相,名詞,接尾,一般,*,相,51
2931,0,交流,名詞,サ変接続,*,*,交流,36
2932,0,電力,名詞,一般,*,*,電力,38
2933,0,測定,名詞,サ変接続,*,*,測定,36
2935,0,直流,名詞,サ変接続,*,*,直流,36
2937,0,交流,名詞,サ変接続,*,*,交流,36
2939,0,電力,名詞,一般,*,*,電力,38
2940,0,測定,名詞,サ変接続,*,*,測定,36
2942,0,力率,名詞,固有名詞,一般,*,力率,41
2944,0,各種,名詞,一般,*,*,各種,38
2945,0,電力計,名詞,固有名詞,一般,*,電力計,41
2948,0,相,名詞,接尾,一般,*,相,51
2949,0,交流,名詞,サ変接続,*,*,交流,36
2950,0,電力,名詞,一般,*,*,電力,38
2951,0,測定,名詞,サ変接続,*,*,測定,36
2954,0,電力,名詞,一般,*,*,電力,38
2956,0,測定,名詞,サ変接続,*,*,測定,36
2958,0,学ぶ,動詞,自立,*,*,学ぶ,31
2959,0,抵抗,名詞,サ変接続,*,*,抵抗,36
2961,0,インピーダンス,名詞,固有名詞,一般,*,インピーダンス,41
2963,0,測定,名詞,サ変接続,*,*,測定,36
2965,0,電圧計,名詞,固有名詞,一般,*,電圧計,41
2967,0,電流計,名詞,固有名詞,一般,*,電流計,41
2969,0,抵抗,名詞,サ変接続,*,*,抵抗,36
2970,0,測定,名詞,サ変接続,*,*,測定,36
2972,0,直流,名詞,サ変接続,*,*,直流,36
2974,0,交流,名詞,サ変接続,*,*,交流,36
2975,0,ブリッジ,名詞,一般,*,*,ブリッジ,38
2977,0,電圧計,名詞,固有名詞,一般,*,電圧計,41
2979,0,電流計,名詞,固有名詞,一般,*,電流計,41
2981,0,抵抗,名詞,サ変接続,*,*,抵抗,36
2982,0,測定,名詞,サ変接続,*,*,測定,36
2984,0,直流,名詞,サ変接続,*,*,直流,36
2986,0,交流,名詞,サ変接続,*,*,交流,36
2987,0,ブリッジ,名詞,一般,*,*,ブリッジ,38
2990,0,抵抗,名詞,サ変接続,*,*,抵抗,36
2992,0,インピーダンス,名詞,固有名詞,一般,*,インピーダンス,41
2994,0,測定,名詞,サ変接続,*,*,測定,36
2996,0,学ぶ,動詞,自立,*,*,学ぶ,31
3000,0,教授,名詞,一般,*,*,教授,38
3001,0,内容,名詞,一般,*,*,内容,38
3003,0,理解度,名詞,固有名詞,一般,*,理解度,41
3005,0,確認,名詞,サ変接続,*,*,確認,36
3006,0,理解度,名詞,固有名詞,一般,*,理解度,41
3007,0,確認,名詞,サ変接続,*,*,確認,36
3009,0,到達,名詞,サ変接続,*,*,到達,36
3010,0,度,名詞,接尾,一般,*,度,51
3011,0,自己評価,名詞,固有名詞,一般,*,自己評価,41
3013,0,実施,名詞,サ変接続,*,*,実施,36
3015,0,高周波,名詞,一般,*,*,高周波,38
3016,0,測定,名詞,サ変接続,*,*,測定,36
3018,0,高周波,名詞,一般,*,*,高周波,38
3019,0,インピーダンス,名詞,固有名詞,一般,*,インピーダンス,41
3021,0,測定,名詞,サ変接続,*,*,測定,36
3023,0,ネットワークアナライザ,名詞,固有名詞,一般,*,ネットワーク・アナライザ,41
3025,0,スペクトラムアナライザ,名詞,固有名詞,一般,*,スペクトラムアナライザ,41
3027,0,分布定数回路,名詞,固有名詞,一般,*,分布定数回路,41
3029,0,微分方程式,名詞,固有名詞,一般,*,微分方程式,41
3030,0,導出,名詞,サ変接続,*,*,導出,36
3032,0,定在波比,名詞,固有名詞,一般,*,定在波比,41
3034,0,説明,名詞,サ変接続,*,*,説明,36
3035,0,信号,名詞,一般,*,*,信号,38
3036,0,源,名詞,接尾,一般,*,源,51
3038,0,ファンクションジェネレータ,名詞,固有名詞,一般,*,ファンクションジェネレータ,41
3040,0,周波数シンセサイザ,名詞,固有名詞,一般,*,周波数シンセサイザ,41
3042,0,アナログ,名詞,一般,*,*,アナログ,38
3043,0,ファンクションジェネレータ,名詞,固有名詞,一般,*,ファンクションジェネレータ,41
3045,0,三角波,名詞,一般,*,*,三角波,38
3046,0,発生,名詞,サ変接続,*,*,発生,36
3047,0,原理,名詞,一般,*,*,原理,38
3049,0,説明,名詞,サ変接続,*,*,説明,36
3053,0,DDS,名詞,固有名詞,一般,*,DDS,41
3055,0,周波数シンセサイザ,名詞,固有名詞,一般,*,周波数シンセサイザ,41
3056,0,構成,名詞,サ変接続,*,*,構成,36
3057,0,法,名詞,接尾,一般,*,法,51
3059,0,説明,名詞,サ変接続,*,*,説明,36
3060,0,周波数,名詞,一般,*,*,周波数,38
3062,0,位相,名詞,一般,*,*,位相,38
3064,0,測定,名詞,サ変接続,*,*,測定,36
3066,0,周波数カウンタ,名詞,固有名詞,一般,*,周波数カウンタ,41
3068,0,周波数,名詞,一般,*,*,周波数,38
3070,0,位相,名詞,一般,*,*,位相,38
3072,0,測定,名詞,サ変接続,*,*,測定,36
3074,0,周波数カウンタ,名詞,固有名詞,一般,*,周波数カウンタ,41
3076,0,周波数,名詞,一般,*,*,周波数,38
3077,0,分解能,名詞,一般,*,*,分解能,38
3079,0,時間分解能,名詞,固有名詞,一般,*,時間分解能,41
3081,0,関係,名詞,サ変接続,*,*,関係,36
3083,0,説明,名詞,サ変接続,*,*,説明,36
3086,0,図形,名詞,一般,*,*,図形,38
3088,0,式,名詞,一般,*,*,式,38
3090,0,導出,名詞,サ変接続,*,*,導出,36
3091,0,磁気,名詞,一般,*,*,磁気,38
3092,0,測定,名詞,サ変接続,*,*,測定,36
3094,0,磁界,名詞,一般,*,*,磁界,38
3096,0,測定,名詞,サ変接続,*,*,測定,36
3098,0,磁束,名詞,一般,*,*,磁束,38
3100,0,測定,名詞,サ変接続,*,*,測定,36
3102,0,磁化率,名詞,固有名詞,一般,*,磁化率,41
3104,0,測定,名詞,サ変接続,*,*,測定,36
3106,0,磁性材料,名詞,固有名詞,一般,*,磁性材料,41
3108,0,磁気,名詞,一般,*,*,磁気,38
3109,0,特性,名詞,一般,*,*,特性,38
3111,0,測定,名詞,サ変接続,*,*,測定,36
3114,0,ホール効果,名詞,固有名詞,一般,*,ホール効果,41
3116,0,磁気抵抗効果,名詞,固有名詞,一般,*,磁気抵抗効果,41
3121,0,曲線,名詞,一般,*,*,曲線,38
3123,0,説明,名詞,サ変接続,*,*,説明,36
3124,0,波形,名詞,一般,*,*,波形,38
3125,0,測定,名詞,サ変接続,*,*,測定,36
3127,0,アナログ,名詞,一般,*,*,アナログ,38
3129,0,ディジタル,名詞,一般,*,*,ディジタル,38
3130,0,オシロスコープ,名詞,一般,*,*,オシロスコープ,38
3132,0,ロジックアナライザ,名詞,固有名詞,一般,*,ロジックアナライザ,41
3134,0,アナログ,名詞,一般,*,*,アナログ,38
3135,0,オシロスコープ,名詞,一般,*,*,オシロスコープ,38
3137,0,ディジタル,名詞,一般,*,*,ディジタル,38
3138,0,オシロスコープ,名詞,一般,*,*,オシロスコープ,38
3140,0,原理,名詞,一般,*,*,原理,38
3142,0,説明,名詞,サ変接続,*,*,説明,36
3144,0,プローブ,名詞,固有名詞,人名,一般,prove,42
3146,0,説明,名詞,サ変接続,*,*,説明,36
3150,0,ポスト,名詞,一般,*,*,ポスト,38
3151,0,トリガ,名詞,サ変接続,*,*,トリガ,36
3153,0,等価,名詞,一般,*,*,等価,38
3154,0,サンプリング,名詞,サ変接続,*,*,サンプリング,36
3155,0,等,名詞,接尾,一般,*,等,51
3156,0,ディジタル,名詞,一般,*,*,ディジタル,38
3157,0,オシロスコープ,名詞,一般,*,*,オシロスコープ,38
3158,0,特有,名詞,一般,*,*,特有,38
3160,0,機能,名詞,サ変接続,*,*,機能,36
3162,0,説明,名詞,サ変接続,*,*,説明,36
3165,0,単発,名詞,一般,*,*,単発,38
3166,0,現象,名詞,一般,*,*,現象,38
3168,0,捉える,動詞,自立,*,*,捉える,31
3169,0,トリガ,名詞,サ変接続,*,*,トリガ,36
3171,0,かけ,動詞,自立,*,*,かける,31
3174,0,述べる,動詞,自立,*,*,述べる,31
3175,0,センサ,名詞,固有名詞,一般,*,センサ,41
3177,0,用い,動詞,自立,*,*,用いる,31
3179,0,計測,名詞,サ変接続,*,*,計測,36
3181,0,温度,名詞,一般,*,*,温度,38
3182,0,センサ,名詞,固有名詞,一般,*,センサ,41
3184,0,光,名詞,一般,*,*,光,38
3185,0,センサ,名詞,固有名詞,一般,*,センサ,41
3190,0,変換,名詞,サ変接続,*,*,変換,36
3191,0,器,名詞,接尾,一般,*,器,51
3193,0,使い方,名詞,一般,*,*,使い方,38
3195,0,基本,名詞,一般,*,*,基本,38
3196,0,的,名詞,接尾,形容動詞語幹,*,的,52
3198,0,物理,名詞,一般,*,*,物理,38
3199,0,量,名詞,接尾,一般,*,量,51
3201,0,計測,名詞,サ変接続,*,*,計測,36
3203,0,センサ,名詞,固有名詞,一般,*,センサ,41
3205,0,原理,名詞,一般,*,*,原理,38
3207,0,コンピュータ,名詞,一般,*,*,コンピュータ,38
3209,0,データ,名詞,一般,*,*,データ,38
3211,0,取り込む,動詞,自立,*,*,取り込む,31
3212,0,方法,名詞,一般,*,*,方法,38
3214,0,説明,名詞,サ変接続,*,*,説明,36
3215,0,コンピュータ,名詞,一般,*,*,コンピュータ,38
3216,0,計測,名詞,サ変接続,*,*,計測,36
3218,0,組み込みシステム,名詞,固有名詞,一般,*,組み込みシステム,41
3220,0,I/O,名詞,固有名詞,一般,*,I/O,41
3222,0,マイコン,名詞,一般,*,*,マイコン,38
3224,0,FPGA,名詞,固有名詞,一般,*,FPGA,41
3226,0,計測,名詞,サ変接続,*,*,計測,36
3227,0,用,名詞,接尾,一般,*,用,51
3228,0,ソフトウエア,名詞,一般,*,*,ソフトウエア,38
3230,0,マイコン,名詞,一般,*,*,マイコン,38
3232,0,FPGA,名詞,固有名詞,一般,*,FPGA,41
3234,0,I/O,名詞,固有名詞,一般,*,I/O,41
3236,0,制御,名詞,サ変接続,*,*,制御,36
3237,0,方法,名詞,一般,*,*,方法,38
3239,0,説明,名詞,サ変接続,*,*,説明,36
3240,0,計測,名詞,サ変接続,*,*,計測,36
3242,0,基礎,名詞,一般,*,*,基礎,38
3244,0,計測,名詞,サ変接続,*,*,計測,36
3246,0,意義,名詞,一般,*,*,意義,38
3248,0,計測器,名詞,固有名詞,一般,*,計測器,41
3250,0,性能,名詞,一般,*,*,性能,38
3252,0,示す,動詞,自立,*,*,示す,31
3253,0,指標,名詞,一般,*,*,指標,38
3255,0,誤差,名詞,一般,*,*,誤差,38
3257,0,有効数字,名詞,固有名詞,一般,*,有効数字,41
3260,0,表示,名詞,サ変接続,*,*,表示,36
3262,0,単位,名詞,一般,*,*,単位,38
3264,0,標準,名詞,一般,*,*,標準,38
3266,0,計測,名詞,サ変接続,*,*,計測,36
3268,0,意義,名詞,一般,*,*,意義,38
3270,0,計測器,名詞,固有名詞,一般,*,計測器,41
3272,0,性能,名詞,一般,*,*,性能,38
3274,0,示す,動詞,自立,*,*,示す,31
3275,0,指標,名詞,一般,*,*,指標,38
3277,0,誤差,名詞,一般,*,*,誤差,38
3279,0,有効数字,名詞,固有名詞,一般,*,有効数字,41
3282,0,表示,名詞,サ変接続,*,*,表示,36
3284,0,単位,名詞,一般,*,*,単位,38
3286,0,標準,名詞,一般,*,*,標準,38
3289,0,計測,名詞,サ変接続,*,*,計測,36
3291,0,基礎,名詞,一般,*,*,基礎,38
3293,0,説明,名詞,サ変接続,*,*,説明,36
3294,0,雑音,名詞,一般,*,*,雑音,38
3296,0,雑音,名詞,一般,*,*,雑音,38
3298,0,種類,名詞,一般,*,*,種類,38
3300,0,SN比,名詞,固有名詞,一般,*,SN比,41
3302,0,検出限界,名詞,固有名詞,一般,*,検出限界,41
3304,0,雑音指数,名詞,固有名詞,一般,*,雑音指数,41
3306,0,雑音,名詞,一般,*,*,雑音,38
3308,0,除去,名詞,サ変接続,*,*,除去,36
3310,0,雑音,名詞,一般,*,*,雑音,38
3312,0,種類,名詞,一般,*,*,種類,38
3314,0,SN比,名詞,固有名詞,一般,*,SN比,41
3316,0,検出限界,名詞,固有名詞,一般,*,検出限界,41
3318,0,雑音指数,名詞,固有名詞,一般,*,雑音指数,41
3320,0,雑音,名詞,一般,*,*,雑音,38
3322,0,除去,名詞,サ変接続,*,*,除去,36
3325,0,雑音,名詞,一般,*,*,雑音,38
3327,0,説明,名詞,サ変接続,*,*,説明,36
3328,0,アナログ,名詞,一般,*,*,アナログ,38
3329,0,量,名詞,接尾,一般,*,量,51
3331,0,扱い,動詞,自立,*,*,扱う,31
3334,0,演算,名詞,サ変接続,*,*,演算,36
3335,0,増幅器,名詞,一般,*,*,増幅器,38
3337,0,内部抵抗,名詞,固有名詞,一般,*,内部抵抗,41
3339,0,フィルタ,名詞,一般,*,*,フィルタ,38
3341,0,演算,名詞,サ変接続,*,*,演算,36
3342,0,増幅器,名詞,一般,*,*,増幅器,38
3344,0,内部抵抗,名詞,固有名詞,一般,*,内部抵抗,41
3346,0,フィルタ,名詞,一般,*,*,フィルタ,38
3349,0,アナログ,名詞,一般,*,*,アナログ,38
3350,0,量,名詞,接尾,一般,*,量,51
3352,0,扱い,名詞,サ変接続,*,*,扱い,36
3353,0,方,名詞,接尾,一般,*,方,51
3355,0,説明,名詞,サ変接続,*,*,説明,36
3356,0,ディジタル,名詞,一般,*,*,ディジタル,38
3357,0,量,名詞,接尾,一般,*,量,51
3359,0,扱い,動詞,自立,*,*,扱う,31
3362,0,2進法,名詞,固有名詞,一般,*,2進法,41
3366,0,法,名詞,接尾,一般,*,法,51
3370,0,法,名詞,接尾,一般,*,法,51
3372,0,データ,名詞,一般,*,*,データ,38
3374,0,符号化,名詞,固有名詞,一般,*,符号化,41
3376,0,データ,名詞,一般,*,*,データ,38
3377,0,変換,名詞,サ変接続,*,*,変換,36
3379,0,伝送,名詞,サ変接続,*,*,伝送,36
3380,0,方式,名詞,一般,*,*,方式,38
3382,0,2進法,名詞,固有名詞,一般,*,2進法,41
3386,0,法,名詞,接尾,一般,*,法,51
3390,0,法,名詞,接尾,一般,*,法,51
3392,0,データ,名詞,一般,*,*,データ,38
3394,0,符号化,名詞,固有名詞,一般,*,符号化,41
3396,0,データ,名詞,一般,*,*,データ,38
3397,0,変換,名詞,サ変接続,*,*,変換,36
3399,0,伝送,名詞,サ変接続,*,*,伝送,36
3400,0,方式,名詞,一般,*,*,方式,38
3403,0,ディジタル,名詞,一般,*,*,ディジタル,38
3404,0,量,名詞,接尾,一般,*,量,51
3406,0,扱い,名詞,サ変接続,*,*,扱い,36
3407,0,方,名詞,接尾,一般,*,方,51
3409,0,学ぶ,動詞,自立,*,*,学ぶ,31
3410,0,電圧,名詞,一般,*,*,電圧,38
3412,0,電流,名詞,一般,*,*,電流,38
3414,0,測定,名詞,サ変接続,*,*,測定,36
3416,0,直流,名詞,サ変接続,*,*,直流,36
3418,0,測定,名詞,サ変接続,*,*,測定,36
3420,0,交流,名詞,サ変接続,*,*,交流,36
3421,0,波形,名詞,一般,*,*,波形,38
3423,0,実効値,名詞,固有名詞,一般,*,実効値,41
3425,0,交流,名詞,サ変接続,*,*,交流,36
3427,0,測定,名詞,サ変接続,*,*,測定,36
3431,0,直流,名詞,サ変接続,*,*,直流,36
3433,0,測定,名詞,サ変接続,*,*,測定,36
3435,0,交流,名詞,サ変接続,*,*,交流,36
3436,0,波形,名詞,一般,*,*,波形,38
3438,0,実効値,名詞,固有名詞,一般,*,実効値,41
3440,0,交流,名詞,サ変接続,*,*,交流,36
3442,0,測定,名詞,サ変接続,*,*,測定,36
3447,0,電圧,名詞,一般,*,*,電圧,38
3449,0,電流,名詞,一般,*,*,電流,38
3451,0,測定,名詞,サ変接続,*,*,測定,36
3453,0,学ぶ,動詞,自立,*,*,学ぶ,31
3454,0,電力,名詞,一般,*,*,電力,38
3456,0,測定,名詞,サ変接続,*,*,測定,36
3458,0,直流,名詞,サ変接続,*,*,直流,36
3460,0,交流,名詞,サ変接続,*,*,交流,36
3462,0,電力,名詞,一般,*,*,電力,38
3463,0,測定,名詞,サ変接続,*,*,測定,36
3465,0,力率,名詞,固有名詞,一般,*,力率,41
3467,0,各種,名詞,一般,*,*,各種,38
3468,0,電力計,名詞,固有名詞,一般,*,電力計,41
3471,0,相,名詞,接尾,一般,*,相,51
3472,0,交流,名詞,サ変接続,*,*,交流,36
3473,0,電力,名詞,一般,*,*,電力,38
3474,0,測定,名詞,サ変接続,*,*,測定,36
3476,0,直流,名詞,サ変接続,*,*,直流,36
3478,0,交流,名詞,サ変接続,*,*,交流,36
3480,0,電力,名詞,一般,*,*,電力,38
3481,0,測定,名詞,サ変接続,*,*,測定,36
3483,0,力率,名詞,固有名詞,一般,*,力率,41
3485,0,各種,名詞,一般,*,*,各種,38
3486,0,電力計,名詞,固有名詞,一般,*,電力計,41
3489,0,相,名詞,接尾,一般,*,相,51
3490,0,交流,名詞,サ変接続,*,*,交流,36
3491,0,電力,名詞,一般,*,*,電力,38
3492,0,測定,名詞,サ変接続,*,*,測定,36
3495,0,電力,名詞,一般,*,*,電力,38
3497,0,測定,名詞,サ変接続,*,*,測定,36
3499,0,学ぶ,動詞,自立,*,*,学ぶ,31
3500,0,抵抗,名詞,サ変接続,*,*,抵抗,36
3502,0,インピーダンス,名詞,固有名詞,一般,*,インピーダンス,41
3504,0,測定,名詞,サ変接続,*,*,測定,36
3506,0,電圧計,名詞,固有名詞,一般,*,電圧計,41
3508,0,電流計,名詞,固有名詞,一般,*,電流計,41
3510,0,抵抗,名詞,サ変接続,*,*,抵抗,36
3511,0,測定,名詞,サ変接続,*,*,測定,36
3513,0,直流,名詞,サ変接続,*,*,直流,36
3515,0,交流,名詞,サ変接続,*,*,交流,36
3516,0,ブリッジ,名詞,一般,*,*,ブリッジ,38
3518,0,電圧計,名詞,固有名詞,一般,*,電圧計,41
3520,0,電流計,名詞,固有名詞,一般,*,電流計,41
3522,0,抵抗,名詞,サ変接続,*,*,抵抗,36
3523,0,測定,名詞,サ変接続,*,*,測定,36
3525,0,直流,名詞,サ変接続,*,*,直流,36
3527,0,交流,名詞,サ変接続,*,*,交流,36
3528,0,ブリッジ,名詞,一般,*,*,ブリッジ,38
3531,0,抵抗,名詞,サ変接続,*,*,抵抗,36
3533,0,インピーダンス,名詞,固有名詞,一般,*,インピーダンス,41
3535,0,測定,名詞,サ変接続,*,*,測定,36
3537,0,学ぶ,動詞,自立,*,*,学ぶ,31
3541,0,教授,名詞,一般,*,*,教授,38
3542,0,内容,名詞,一般,*,*,内容,38
3544,0,理解度,名詞,固有名詞,一般,*,理解度,41
3546,0,確認,名詞,サ変接続,*,*,確認,36
3547,0,理解度,名詞,固有名詞,一般,*,理解度,41
3548,0,確認,名詞,サ変接続,*,*,確認,36
3550,0,到達,名詞,サ変接続,*,*,到達,36
3551,0,度,名詞,接尾,一般,*,度,51
3552,0,自己評価,名詞,固有名詞,一般,*,自己評価,41
3554,0,実施,名詞,サ変接続,*,*,実施,36
3556,0,高周波,名詞,一般,*,*,高周波,38
3557,0,測定,名詞,サ変接続,*,*,測定,36
3559,0,高周波,名詞,一般,*,*,高周波,38
3560,0,インピーダンス,名詞,固有名詞,一般,*,インピーダンス,41
3562,0,測定,名詞,サ変接続,*,*,測定,36
3564,0,ネットワークアナライザ,名詞,固有名詞,一般,*,ネットワーク・アナライザ,41
3566,0,スペクトラムアナライザ,名詞,固有名詞,一般,*,スペクトラムアナライザ,41
3568,0,分布定数回路,名詞,固有名詞,一般,*,分布定数回路,41
3570,0,微分方程式,名詞,固有名詞,一般,*,微分方程式,41
3571,0,導出,名詞,サ変接続,*,*,導出,36
3573,0,定在波比,名詞,固有名詞,一般,*,定在波比,41
3575,0,説明,名詞,サ変接続,*,*,説明,36
3576,0,信号,名詞,一般,*,*,信号,38
3577,0,源,名詞,接尾,一般,*,源,51
3579,0,ファンクションジェネレータ,名詞,固有名詞,一般,*,ファンクションジェネレータ,41
3581,0,周波数シンセサイザ,名詞,固有名詞,一般,*,周波数シンセサイザ,41
3583,0,アナログ,名詞,一般,*,*,アナログ,38
3584,0,ファンクションジェネレータ,名詞,固有名詞,一般,*,ファンクションジェネレータ,41
3586,0,三角波,名詞,一般,*,*,三角波,38
3587,0,発生,名詞,サ変接続,*,*,発生,36
3588,0,原理,名詞,一般,*,*,原理,38
3590,0,説明,名詞,サ変接続,*,*,説明,36
3594,0,DDS,名詞,固有名詞,一般,*,DDS,41
3596,0,周波数シンセサイザ,名詞,固有名詞,一般,*,周波数シンセサイザ,41
3597,0,構成,名詞,サ変接続,*,*,構成,36
3598,0,法,名詞,接尾,一般,*,法,51
3600,0,説明,名詞,サ変接続,*,*,説明,36
3601,0,周波数,名詞,一般,*,*,周波数,38
3603,0,位相,名詞,一般,*,*,位相,38
3605,0,測定,名詞,サ変接続,*,*,測定,36
3607,0,周波数カウンタ,名詞,固有名詞,一般,*,周波数カウンタ,41
3609,0,周波数,名詞,一般,*,*,周波数,38
3611,0,位相,名詞,一般,*,*,位相,38
3613,0,測定,名詞,サ変接続,*,*,測定,36
3615,0,周波数カウンタ,名詞,固有名詞,一般,*,周波数カウンタ,41
3617,0,周波数,名詞,一般,*,*,周波数,38
3618,0,分解能,名詞,一般,*,*,分解能,38
3620,0,時間分解能,名詞,固有名詞,一般,*,時間分解能,41
3622,0,関係,名詞,サ変接続,*,*,関係,36
3624,0,説明,名詞,サ変接続,*,*,説明,36
3627,0,図形,名詞,一般,*,*,図形,38
3629,0,式,名詞,一般,*,*,式,38
3631,0,導出,名詞,サ変接続,*,*,導出,36
3632,0,磁気,名詞,一般,*,*,磁気,38
3633,0,測定,名詞,サ変接続,*,*,測定,36
3635,0,磁界,名詞,一般,*,*,磁界,38
3637,0,測定,名詞,サ変接続,*,*,測定,36
3639,0,磁束,名詞,一般,*,*,磁束,38
3641,0,測定,名詞,サ変接続,*,*,測定,36
3643,0,磁化率,名詞,固有名詞,一般,*,磁化率,41
3645,0,測定,名詞,サ変接続,*,*,測定,36
3647,0,磁性材料,名詞,固有名詞,一般,*,磁性材料,41
3649,0,磁気,名詞,一般,*,*,磁気,38
3650,0,特性,名詞,一般,*,*,特性,38
3652,0,測定,名詞,サ変接続,*,*,測定,36
3655,0,ホール効果,名詞,固有名詞,一般,*,ホール効果,41
3657,0,磁気抵抗効果,名詞,固有名詞,一般,*,磁気抵抗効果,41
3662,0,曲線,名詞,一般,*,*,曲線,38
3664,0,説明,名詞,サ変接続,*,*,説明,36
3665,0,波形,名詞,一般,*,*,波形,38
3666,0,測定,名詞,サ変接続,*,*,測定,36
3668,0,アナログ,名詞,一般,*,*,アナログ,38
3670,0,ディジタル,名詞,一般,*,*,ディジタル,38
3671,0,オシロスコープ,名詞,一般,*,*,オシロスコープ,38
3673,0,ロジックアナライザ,名詞,固有名詞,一般,*,ロジックアナライザ,41
3675,0,アナログ,名詞,一般,*,*,アナログ,38
3676,0,オシロスコープ,名詞,一般,*,*,オシロスコープ,38
3678,0,ディジタル,名詞,一般,*,*,ディジタル,38
3679,0,オシロスコープ,名詞,一般,*,*,オシロスコープ,38
3681,0,原理,名詞,一般,*,*,原理,38
3683,0,説明,名詞,サ変接続,*,*,説明,36
3685,0,プローブ,名詞,固有名詞,人名,一般,prove,42
3687,0,説明,名詞,サ変接続,*,*,説明,36
3691,0,ポスト,名詞,一般,*,*,ポスト,38
3692,0,トリガ,名詞,サ変接続,*,*,トリガ,36
3694,0,等価,名詞,一般,*,*,等価,38
3695,0,サンプリング,名詞,サ変接続,*,*,サンプリング,36
3696,0,等,名詞,接尾,一般,*,等,51
3697,0,ディジタル,名詞,一般,*,*,ディジタル,38
3698,0,オシロスコープ,名詞,一般,*,*,オシロスコープ,38
3699,0,特有,名詞,一般,*,*,特有,38
3701,0,機能,名詞,サ変接続,*,*,機能,36
3703,0,説明,名詞,サ変接続,*,*,説明,36
3706,0,単発,名詞,一般,*,*,単発,38
3707,0,現象,名詞,一般,*,*,現象,38
3709,0,捉える,動詞,自立,*,*,捉える,31
3710,0,トリガ,名詞,サ変接続,*,*,トリガ,36
3712,0,かけ,動詞,自立,*,*,かける,31
3715,0,述べる,動詞,自立,*,*,述べる,31
3716,0,センサ,名詞,固有名詞,一般,*,センサ,41
3718,0,用い,動詞,自立,*,*,用いる,31
3720,0,計測,名詞,サ変接続,*,*,計測,36
3722,0,温度,名詞,一般,*,*,温度,38
3723,0,センサ,名詞,固有名詞,一般,*,センサ,41
3725,0,光,名詞,一般,*,*,光,38
3726,0,センサ,名詞,固有名詞,一般,*,センサ,41
3731,0,変換,名詞,サ変接続,*,*,変換,36
3732,0,器,名詞,接尾,一般,*,器,51
3734,0,使い方,名詞,一般,*,*,使い方,38
3736,0,基本,名詞,一般,*,*,基本,38
3737,0,的,名詞,接尾,形容動詞語幹,*,的,52
3739,0,物理,名詞,一般,*,*,物理,38
3740,0,量,名詞,接尾,一般,*,量,51
3742,0,計測,名詞,サ変接続,*,*,計測,36
3744,0,センサ,名詞,固有名詞,一般,*,センサ,41
3746,0,原理,名詞,一般,*,*,原理,38
3748,0,コンピュータ,名詞,一般,*,*,コンピュータ,38
3750,0,データ,名詞,一般,*,*,データ,38
3752,0,取り込む,動詞,自立,*,*,取り込む,31
3753,0,方法,名詞,一般,*,*,方法,38
3755,0,説明,名詞,サ変接続,*,*,説明,36
3756,0,コンピュータ,名詞,一般,*,*,コンピュータ,38
3757,0,計測,名詞,サ変接続,*,*,計測,36
3759,0,組み込みシステム,名詞,固有名詞,一般,*,組み込みシステム,41
3761,0,I/O,名詞,固有名詞,一般,*,I/O,41
3763,0,マイコン,名詞,一般,*,*,マイコン,38
3765,0,FPGA,名詞,固有名詞,一般,*,FPGA,41
3767,0,計測,名詞,サ変接続,*,*,計測,36
3768,0,用,名詞,接尾,一般,*,用,51
3769,0,ソフトウエア,名詞,一般,*,*,ソフトウエア,38
3771,0,マイコン,名詞,一般,*,*,マイコン,38
3773,0,FPGA,名詞,固有名詞,一般,*,FPGA,41
3775,0,I/O,名詞,固有名詞,一般,*,I/O,41
3777,0,制御,名詞,サ変接続,*,*,制御,36
3778,0,方法,名詞,一般,*,*,方法,38
3780,0,説明,名詞,サ変接続,*,*,説明,36
3781,0,計測,名詞,サ変接続,*,*,計測,36
3783,0,基礎,名詞,一般,*,*,基礎,38
3785,0,計測,名詞,サ変接続,*,*,計測,36
3787,0,意義,名詞,一般,*,*,意義,38
3789,0,計測器,名詞,固有名詞,一般,*,計測器,41
3791,0,性能,名詞,一般,*,*,性能,38
3793,0,示す,動詞,自立,*,*,示す,31
3794,0,指標,名詞,一般,*,*,指標,38
3796,0,誤差,名詞,一般,*,*,誤差,38
3798,0,有効数字,名詞,固有名詞,一般,*,有効数字,41
3801,0,表示,名詞,サ変接続,*,*,表示,36
3803,0,単位,名詞,一般,*,*,単位,38
3805,0,標準,名詞,一般,*,*,標準,38
3807,0,計測,名詞,サ変接続,*,*,計測,36
3809,0,意義,名詞,一般,*,*,意義,38
3811,0,計測器,名詞,固有名詞,一般,*,計測器,41
3813,0,性能,名詞,一般,*,*,性能,38
3815,0,示す,動詞,自立,*,*,示す,31
3816,0,指標,名詞,一般,*,*,指標,38
3818,0,誤差,名詞,一般,*,*,誤差,38
3820,0,有効数字,名詞,固有名詞,一般,*,有効数字,41
3823,0,表示,名詞,サ変接続,*,*,表示,36
3825,0,単位,名詞,一般,*,*,単位,38
3827,0,標準,名詞,一般,*,*,標準,38
3830,0,計測,名詞,サ変接続,*,*,計測,36
3832,0,基礎,名詞,一般,*,*,基礎,38
3834,0,説明,名詞,サ変接続,*,*,説明,36
3835,0,雑音,名詞,一般,*,*,雑音,38
3837,0,雑音,名詞,一般,*,*,雑音,38
3839,0,種類,名詞,一般,*,*,種類,38
3841,0,SN比,名詞,固有名詞,一般,*,SN比,41
3843,0,検出限界,名詞,固有名詞,一般,*,検出限界,41
3845,0,雑音指数,名詞,固有名詞,一般,*,雑音指数,41
3847,0,雑音,名詞,一般,*,*,雑音,38
3849,0,除去,名詞,サ変接続,*,*,除去,36
3851,0,雑音,名詞,一般,*,*,雑音,38
3853,0,種類,名詞,一般,*,*,種類,38
3855,0,SN比,名詞,固有名詞,一般,*,SN比,41
3857,0,検出限界,名詞,固有名詞,一般,*,検出限界,41
3859,0,雑音指数,名詞,固有名詞,一般,*,雑音指数,41
3861,0,雑音,名詞,一般,*,*,雑音,38
3863,0,除去,名詞,サ変接続,*,*,除去,36
3866,0,雑音,名詞,一般,*,*,雑音,38
3868,0,説明,名詞,サ変接続,*,*,説明,36
3869,0,アナログ,名詞,一般,*,*,アナログ,38
3870,0,量,名詞,接尾,一般,*,量,51
3872,0,扱い,動詞,自立,*,*,扱う,31
3875,0,演算,名詞,サ変接続,*,*,演算,36
3876,0,増幅器,名詞,一般,*,*,増幅器,38
3878,0,内部抵抗,名詞,固有名詞,一般,*,内部抵抗,41
3880,0,フィルタ,名詞,一般,*,*,フィルタ,38
3882,0,演算,名詞,サ変接続,*,*,演算,36
3883,0,増幅器,名詞,一般,*,*,増幅器,38
3885,0,内部抵抗,名詞,固有名詞,一般,*,内部抵抗,41
3887,0,フィルタ,名詞,一般,*,*,フィルタ,38
3890,0,アナログ,名詞,一般,*,*,アナログ,38
3891,0,量,名詞,接尾,一般,*,量,51
3893,0,扱い,名詞,サ変接続,*,*,扱い,36
3894,0,方,名詞,接尾,一般,*,方,51
3896,0,説明,名詞,サ変接続,*,*,説明,36
3897,0,ディジタル,名詞,一般,*,*,ディジタル,38
3898,0,量,名詞,接尾,一般,*,量,51
3900,0,扱い,動詞,自立,*,*,扱う,31
3903,0,2進法,名詞,固有名詞,一般,*,2進法,41
3907,0,法,名詞,接尾,一般,*,法,51
3911,0,法,名詞,接尾,一般,*,法,51
3913,0,データ,名詞,一般,*,*,データ,38
3915,0,符号化,名詞,固有名詞,一般,*,符号化,41
3917,0,データ,名詞,一般,*,*,データ,38
3918,0,変換,名詞,サ変接続,*,*,変換,36
3920,0,伝送,名詞,サ変接続,*,*,伝送,36
3921,0,方式,名詞,一般,*,*,方式,38
3923,0,2進法,名詞,固有名詞,一般,*,2進法,41
3927,0,法,名詞,接尾,一般,*,法,51
3931,0,法,名詞,接尾,一般,*,法,51
3933,0,データ,名詞,一般,*,*,データ,38
3935,0,符号化,名詞,固有名詞,一般,*,符号化,41
3937,0,データ,名詞,一般,*,*,データ,38
3938,0,変換,名詞,サ変接続,*,*,変換,36
3940,0,伝送,名詞,サ変接続,*,*,伝送,36
3941,0,方式,名詞,一般,*,*,方式,38
3944,0,ディジタル,名詞,一般,*,*,ディジタル,38
3945,0,量,名詞,接尾,一般,*,量,51
3947,0,扱い,名詞,サ変接続,*,*,扱い,36
3948,0,方,名詞,接尾,一般,*,方,51
3950,0,学ぶ,動詞,自立,*,*,学ぶ,31
3951,0,電圧,名詞,一般,*,*,電圧,38
3953,0,電流,名詞,一般,*,*,電流,38
3955,0,測定,名詞,サ変接続,*,*,測定,36
3957,0,直流,名詞,サ変接続,*,*,直流,36
3959,0,測定,名詞,サ変接続,*,*,測定,36
3961,0,交流,名詞,サ変接続,*,*,交流,36
3962,0,波形,名詞,一般,*,*,波形,38
3964,0,実効値,名詞,固有名詞,一般,*,実効値,41
3966,0,交流,名詞,サ変接続,*,*,交流,36
3968,0,測定,名詞,サ変接続,*,*,測定,36
3972,0,直流,名詞,サ変接続,*,*,直流,36
3974,0,測定,名詞,サ変接続,*,*,測定,36
3976,0,交流,名詞,サ変接続,*,*,交流,36
3977,0,波形,名詞,一般,*,*,波形,38
3979,0,実効値,名詞,固有名詞,一般,*,実効値,41
3981,0,交流,名詞,サ変接続,*,*,交流,36
3983,0,測定,名詞,サ変接続,*,*,測定,36
3988,0,電圧,名詞,一般,*,*,電圧,38
3990,0,電流,名詞,一般,*,*,電流,38
3992,0,測定,名詞,サ変接続,*,*,測定,36
3994,0,学ぶ,動詞,自立,*,*,学ぶ,31
3995,0,電力,名詞,一般,*,*,電力,38
3997,0,測定,名詞,サ変接続,*,*,測定,36
3999,0,直流,名詞,サ変接続,*,*,直流,36
4001,0,交流,名詞,サ変接続,*,*,交流,36
4003,0,電力,名詞,一般,*,*,電力,38
4004,0,測定,名詞,サ変接続,*,*,測定,36
4006,0,力率,名詞,固有名詞,一般,*,力率,41
4008,0,各種,名詞,一般,*,*,各種,38
4009,0,電力計,名詞,固有名詞,一般,*,電力計,41
4012,0,相,名詞,接尾,一般,*,相,51
4013,0,交流,名詞,サ変接続,*,*,交流,36
4014,0,電力,名詞,一般,*,*,電力,38
4015,0,測定,名詞,サ変接続,*,*,測定,36
4017,0,直流,名詞,サ変接続,*,*,直流,36
4019,0,交流,名詞,サ変接続,*,*,交流,36
4021,0,電力,名詞,一般,*,*,電力,38
4022,0,測定,名詞,サ変接続,*,*,測定,36
4024,0,力率,名詞,固有名詞,一般,*,力率,41
4026,0,各種,名詞,一般,*,*,各種,38
4027,0,電力計,名詞,固有名詞,一般,*,電力計,41
4030,0,相,名詞,接尾,一般,*,相,51
4031,0,交流,名詞,サ変接続,*,*,交流,36
4032,0,電力,名詞,一般,*,*,電力,38
4033,0,測定,名詞,サ変接続,*,*,測定,36
4036,0,電力,名詞,一般,*,*,電力,38
4038,0,測定,名詞,サ変接続,*,*,測定,36
4040,0,学ぶ,動詞,自立,*,*,学ぶ,31
4041,0,抵抗,名詞,サ変接続,*,*,抵抗,36
4043,0,インピーダンス,名詞,固有名詞,一般,*,インピーダンス,41
4045,0,測定,名詞,サ変接続,*,*,測定,36
4047,0,電圧計,名詞,固有名詞,一般,*,電圧計,41
4049,0,電流計,名詞,固有名詞,一般,*,電流計,41
4051,0,抵抗,名詞,サ変接続,*,*,抵抗,36
4052,0,測定,名詞,サ変接続,*,*,測定,36
4054,0,直流,名詞,サ変接続,*,*,直流,36
4056,0,交流,名詞,サ変接続,*,*,交流,36
4057,0,ブリッジ,名詞,一般,*,*,ブリッジ,38
4059,0,電圧計,名詞,固有名詞,一般,*,電圧計,41
4061,0,電流計,名詞,固有名詞,一般,*,電流計,41
4063,0,抵抗,名詞,サ変接続,*,*,抵抗,36
4064,0,測定,名詞,サ変接続,*,*,測定,36
4066,0,直流,名詞,サ変接続,*,*,直流,36
4068,0,交流,名詞,サ変接続,*,*,交流,36
4069,0,ブリッジ,名詞,一般,*,*,ブリッジ,38
4072,0,抵抗,名詞,サ変接続,*,*,抵抗,36
4074,0,インピーダンス,名詞,固有名詞,一般,*,インピーダンス,41
4076,0,測定,名詞,サ変接続,*,*,測定,36
4078,0,学ぶ,動詞,自立,*,*,学ぶ,31
4082,0,教授,名詞,一般,*,*,教授,38
4083,0,内容,名詞,一般,*,*,内容,38
4085,0,理解度,名詞,固有名詞,一般,*,理解度,41
4087,0,確認,名詞,サ変接続,*,*,確認,36
4088,0,理解度,名詞,固有名詞,一般,*,理解度,41
4089,0,確認,名詞,サ変接続,*,*,確認,36
4091,0,到達,名詞,サ変接続,*,*,到達,36
4092,0,度,名詞,接尾,一般,*,度,51
4093,0,自己評価,名詞,固有名詞,一般,*,自己評価,41
4095,0,実施,名詞,サ変接続,*,*,実施,36
4097,0,高周波,名詞,一般,*,*,高周波,38
4098,0,測定,名詞,サ変接続,*,*,測定,36
4100,0,高周波,名詞,一般,*,*,高周波,38
4101,0,インピーダンス,名詞,固有名詞,一般,*,インピーダンス,41
4103,0,測定,名詞,サ変接続,*,*,測定,36
4105,0,ネットワークアナライザ,名詞,固有名詞,一般,*,ネットワーク・アナライザ,41
4107,0,スペクトラムアナライザ,名詞,固有名詞,一般,*,スペクトラムアナライザ,41
4109,0,分布定数回路,名詞,固有名詞,一般,*,分布定数回路,41
4111,0,微分方程式,名詞,固有名詞,一般,*,微分方程式,41
4112,0,導出,名詞,サ変接続,*,*,導出,36
4114,0,定在波比,名詞,固有名詞,一般,*,定在波比,41
4116,0,説明,名詞,サ変接続,*,*,説明,36
4117,0,信号,名詞,一般,*,*,信号,38
4118,0,源,名詞,接尾,一般,*,源,51
4120,0,ファンクションジェネレータ,名詞,固有名詞,一般,*,ファンクションジェネレータ,41
4122,0,周波数シンセサイザ,名詞,固有名詞,一般,*,周波数シンセサイザ,41
4124,0,アナログ,名詞,一般,*,*,アナログ,38
4125,0,ファンクションジェネレータ,名詞,固有名詞,一般,*,ファンクションジェネレータ,41
4127,0,三角波,名詞,一般,*,*,三角波,38
4128,0,発生,名詞,サ変接続,*,*,発生,36
4129,0,原理,名詞,一般,*,*,原理,38
4131,0,説明,名詞,サ変接続,*,*,説明,36
4135,0,DDS,名詞,固有名詞,一般,*,DDS,41
4137,0,周波数シンセサイザ,名詞,固有名詞,一般,*,周波数シンセサイザ,41
4138,0,構成,名詞,サ変接続,*,*,構成,36
4139,0,法,名詞,接尾,一般,*,法,51
4141,0,説明,名詞,サ変接続,*,*,説明,36
4142,0,周波数,名詞,一般,*,*,周波数,38
4144,0,位相,名詞,一般,*,*,位相,38
4146,0,測定,名詞,サ変接続,*,*,測定,36
4148,0,周波数カウンタ,名詞,固有名詞,一般,*,周波数カウンタ,41
4150,0,周波数,名詞,一般,*,*,周波数,38
4152,0,位相,名詞,一般,*,*,位相,38
4154,0,測定,名詞,サ変接続,*,*,測定,36
4156,0,周波数カウンタ,名詞,固有名詞,一般,*,周波数カウンタ,41
4158,0,周波数,名詞,一般,*,*,周波数,38
4159,0,分解能,名詞,一般,*,*,分解能,38
4161,0,時間分解能,名詞,固有名詞,一般,*,時間分解能,41
4163,0,関係,名詞,サ変接続,*,*,関係,36
4165,0,説明,名詞,サ変接続,*,*,説明,36
4168,0,図形,名詞,一般,*,*,図形,38
4170,0,式,名詞,一般,*,*,式,38
4172,0,導出,名詞,サ変接続,*,*,導出,36
4173,0,磁気,名詞,一般,*,*,磁気,38
4174,0,測定,名詞,サ変接続,*,*,測定,36
4176,0,磁界,名詞,一般,*,*,磁界,38
4178,0,測定,名詞,サ変接続,*,*,測定,36
4180,0,磁束,名詞,一般,*,*,磁束,38
4182,0,測定,名詞,サ変接続,*,*,測定,36
4184,0,磁化率,名詞,固有名詞,一般,*,磁化率,41
4186,0,測定,名詞,サ変接続,*,*,測定,36
4188,0,磁性材料,名詞,固有名詞,一般,*,磁性材料,41
4190,0,磁気,名詞,一般,*,*,磁気,38
4191,0,特性,名詞,一般,*,*,特性,38
4193,0,測定,名詞,サ変接続,*,*,測定,36
4196,0,ホール効果,名詞,固有名詞,一般,*,ホール効果,41
4198,0,磁気抵抗効果,名詞,固有名詞,一般,*,磁気抵抗効果,41
4203,0,曲線,名詞,一般,*,*,曲線,38
4205,0,説明,名詞,サ変接続,*,*,説明,36
4206,0,波形,名詞,一般,*,*,波形,38
4207,0,測定,名詞,サ変接続,*,*,測定,36
4209,0,アナログ,名詞,一般,*,*,アナログ,38
4211,0,ディジタル,名詞,一般,*,*,ディジタル,38
4212,0,オシロスコープ,名詞,一般,*,*,オシロスコープ,38
4214,0,ロジックアナライザ,名詞,固有名詞,一般,*,ロジックアナライザ,41
4216,0,アナログ,名詞,一般,*,*,アナログ,38
4217,0,オシロスコープ,名詞,一般,*,*,オシロスコープ,38
4219,0,ディジタル,名詞,一般,*,*,ディジタル,38
4220,0,オシロスコープ,名詞,一般,*,*,オシロスコープ,38
4222,0,原理,名詞,一般,*,*,原理,38
4224,0,説明,名詞,サ変接続,*,*,説明,36
4226,0,プローブ,名詞,固有名詞,人名,一般,prove,42
4228,0,説明,名詞,サ変接続,*,*,説明,36
4232,0,ポスト,名詞,一般,*,*,ポスト,38
4233,0,トリガ,名詞,サ変接続,*,*,トリガ,36
4235,0,等価,名詞,一般,*,*,等価,38
4236,0,サンプリング,名詞,サ変接続,*,*,サンプリング,36
4237,0,等,名詞,接尾,一般,*,等,51
4238,0,ディジタル,名詞,一般,*,*,ディジタル,38
4239,0,オシロスコープ,名詞,一般,*,*,オシロスコープ,38
4240,0,特有,名詞,一般,*,*,特有,38
4242,0,機能,名詞,サ変接続,*,*,機能,36
4244,0,説明,名詞,サ変接続,*,*,説明,36
4247,0,単発,名詞,一般,*,*,単発,38
4248,0,現象,名詞,一般,*,*,現象,38
4250,0,捉える,動詞,自立,*,*,捉える,31
4251,0,トリガ,名詞,サ変接続,*,*,トリガ,36
4253,0,かけ,動詞,自立,*,*,かける,31
4256,0,述べる,動詞,自立,*,*,述べる,31
4257,0,センサ,名詞,固有名詞,一般,*,センサ,41
4259,0,用い,動詞,自立,*,*,用いる,31
4261,0,計測,名詞,サ変接続,*,*,計測,36
4263,0,温度,名詞,一般,*,*,温度,38
4264,0,センサ,名詞,固有名詞,一般,*,センサ,41
4266,0,光,名詞,一般,*,*,光,38
4267,0,センサ,名詞,固有名詞,一般,*,センサ,41
4272,0,変換,名詞,サ変接続,*,*,変換,36
4273,0,器,名詞,接尾,一般,*,器,51
4275,0,使い方,名詞,一般,*,*,使い方,38
4277,0,基本,名詞,一般,*,*,基本,38
4278,0,的,名詞,接尾,形容動詞語幹,*,的,52
4280,0,物理,名詞,一般,*,*,物理,38
4281,0,量,名詞,接尾,一般,*,量,51
4283,0,計測,名詞,サ変接続,*,*,計測,36
4285,0,センサ,名詞,固有名詞,一般,*,センサ,41
4287,0,原理,名詞,一般,*,*,原理,38
4289,0,コンピュータ,名詞,一般,*,*,コンピュータ,38
4291,0,データ,名詞,一般,*,*,データ,38
4293,0,取り込む,動詞,自立,*,*,取り込む,31
4294,0,方法,名詞,一般,*,*,方法,38
4296,0,説明,名詞,サ変接続,*,*,説明,36
4297,0,コンピュータ,名詞,一般,*,*,コンピュータ,38
4298,0,計測,名詞,サ変接続,*,*,計測,36
4300,0,組み込みシステム,名詞,固有名詞,一般,*,組み込みシステム,41
4302,0,I/O,名詞,固有名詞,一般,*,I/O,41
4304,0,マイコン,名詞,一般,*,*,マイコン,38
4306,0,FPGA,名詞,固有名詞,一般,*,FPGA,41
4308,0,計測,名詞,サ変接続,*,*,計測,36
4309,0,用,名詞,接尾,一般,*,用,51
4310,0,ソフトウエア,名詞,一般,*,*,ソフトウエア,38
4312,0,マイコン,名詞,一般,*,*,マイコン,38
4314,0,FPGA,名詞,固有名詞,一般,*,FPGA,41
4316,0,I/O,名詞,固有名詞,一般,*,I/O,41
4318,0,制御,名詞,サ変接続,*,*,制御,36
4319,0,方法,名詞,一般,*,*,方法,38
4321,0,説明,名詞,サ変接続,*,*,説明,36
4322,0,計測,名詞,サ変接続,*,*,計測,36
4324,0,基礎,名詞,一般,*,*,基礎,38
4326,0,計測,名詞,サ変接続,*,*,計測,36
4328,0,意義,名詞,一般,*,*,意義,38
4330,0,計測器,名詞,固有名詞,一般,*,計測器,41
4332,0,性能,名詞,一般,*,*,性能,38
4334,0,示す,動詞,自立,*,*,示す,31
4335,0,指標,名詞,一般,*,*,指標,38
4337,0,誤差,名詞,一般,*,*,誤差,38
4339,0,有効数字,名詞,固有名詞,一般,*,有効数字,41
4342,0,表示,名詞,サ変接続,*,*,表示,36
4344,0,単位,名詞,一般,*,*,単位,38
4346,0,標準,名詞,一般,*,*,標準,38
4348,0,計測,名詞,サ変接続,*,*,計測,36
4350,0,意義,名詞,一般,*,*,意義,38
4352,0,計測器,名詞,固有名詞,一般,*,計測器,41
4354,0,性能,名詞,一般,*,*,性能,38
4356,0,示す,動詞,自立,*,*,示す,31
4357,0,指標,名詞,一般,*,*,指標,38
4359,0,誤差,名詞,一般,*,*,誤差,38
4361,0,有効数字,名詞,固有名詞,一般,*,有効数字,41
4364,0,表示,名詞,サ変接続,*,*,表示,36
4366,0,単位,名詞,一般,*,*,単位,38
4368,0,標準,名詞,一般,*,*,標準,38
4371,0,計測,名詞,サ変接続,*,*,計測,36
4373,0,基礎,名詞,一般,*,*,基礎,38
4375,0,説明,名詞,サ変接続,*,*,説明,36
4376,0,雑音,名詞,一般,*,*,雑音,38
4378,0,雑音,名詞,一般,*,*,雑音,38
4380,0,種類,名詞,一般,*,*,種類,38
4382,0,SN比,名詞,固有名詞,一般,*,SN比,41
4384,0,検出限界,名詞,固有名詞,一般,*,検出限界,41
4386,0,雑音指数,名詞,固有名詞,一般,*,雑音指数,41
4388,0,雑音,名詞,一般,*,*,雑音,38
4390,0,除去,名詞,サ変接続,*,*,除去,36
4392,0,雑音,名詞,一般,*,*,雑音,38
4394,0,種類,名詞,一般,*,*,種類,38
4396,0,SN比,名詞,固有名詞,一般,*,SN比,41
4398,0,検出限界,名詞,固有名詞,一般,*,検出限界,41
4400,0,雑音指数,名詞,固有名詞,一般,*,雑音指数,41
4402,0,雑音,名詞,一般,*,*,雑音,38
4404,0,除去,名詞,サ変接続,*,*,除去,36
4407,0,雑音,名詞,一般,*,*,雑音,38
4409,0,説明,名詞,サ変接続,*,*,説明,36
4410,0,アナログ,名詞,一般,*,*,アナログ,38
4411,0,量,名詞,接尾,一般,*,量,51
4413,0,扱い,動詞,自立,*,*,扱う,31
4416,0,演算,名詞,サ変接続,*,*,演算,36
4417,0,増幅器,名詞,一般,*,*,増幅器,38
4419,0,内部抵抗,名詞,固有名詞,一般,*,内部抵抗,41
4421,0,フィルタ,名詞,一般,*,*,フィルタ,38
4423,0,演算,名詞,サ変接続,*,*,演算,36
4424,0,増幅器,名詞,一般,*,*,増幅器,38
4426,0,内部抵抗,名詞,固有名詞,一般,*,内部抵抗,41
4428,0,フィルタ,名詞,一般,*,*,フィルタ,38
4431,0,アナログ,名詞,一般,*,*,アナログ,38
4432,0,量,名詞,接尾,一般,*,量,51
4434,0,扱い,名詞,サ変接続,*,*,扱い,36
4435,0,方,名詞,接尾,一般,*,方,51
4437,0,説明,名詞,サ変接続,*,*,説明,36
4438,0,ディジタル,名詞,一般,*,*,ディジタル,38
4439,0,量,名詞,接尾,一般,*,量,51
4441,0,扱い,動詞,自立,*,*,扱う,31
4444,0,2進法,名詞,固有名詞,一般,*,2進法,41
4448,0,法,名詞,接尾,一般,*,法,51
4452,0,法,名詞,接尾,一般,*,法,51
4454,0,データ,名詞,一般,*,*,データ,38
4456,0,符号化,名詞,固有名詞,一般,*,符号化,41
4458,0,データ,名詞,一般,*,*,データ,38
4459,0,変換,名詞,サ変接続,*,*,変換,36
4461,0,伝送,名詞,サ変接続,*,*,伝送,36
4462,0,方式,名詞,一般,*,*,方式,38
4464,0,2進法,名詞,固有名詞,一般,*,2進法,41
4468,0,法,名詞,接尾,一般,*,法,51
4472,0,法,名詞,接尾,一般,*,法,51
4474,0,データ,名詞,一般,*,*,データ,38
4476,0,符号化,名詞,固有名詞,一般,*,符号化,41
4478,0,データ,名詞,一般,*,*,データ,38
4479,0,変換,名詞,サ変接続,*,*,変換,36
4481,0,伝送,名詞,サ変接続,*,*,伝送,36
4482,0,方式,名詞,一般,*,*,方式,38
4485,0,ディジタル,名詞,一般,*,*,ディジタル,38
4486,0,量,名詞,接尾,一般,*,量,51
4488,0,扱い,名詞,サ変接続,*,*,扱い,36
4489,0,方,名詞,接尾,一般,*,方,51
4491,0,学ぶ,動詞,自立,*,*,学ぶ,31
4492,0,電圧,名詞,一般,*,*,電圧,38
4494,0,電流,名詞,一般,*,*,電流,38
4496,0,測定,名詞,サ変接続,*,*,測定,36
4498,0,直流,名詞,サ変接続,*,*,直流,36
4500,0,測定,名詞,サ変接続,*,*,測定,36
4502,0,交流,名詞,サ変接続,*,*,交流,36
4503,0,波形,名詞,一般,*,*,波形,38
4505,0,実効値,名詞,固有名詞,一般,*,実効値,41
4507,0,交流,名詞,サ変接続,*,*,交流,36
4509,0,測定,名詞,サ変接続,*,*,測定,36
4513,0,直流,名詞,サ変接続,*,*,直流,36
4515,0,測定,名詞,サ変接続,*,*,測定,36
4517,0,交流,名詞,サ変接続,*,*,交流,36
4518,0,波形,名詞,一般,*,*,波形,38
4520,0,実効値,名詞,固有名詞,一般,*,実効値,41
4522,0,交流,名詞,サ変接続,*,*,交流,36
4524,0,測定,名詞,サ変接続,*,*,測定,36
4529,0,電圧,名詞,一般,*,*,電圧,38
4531,0,電流,名詞,一般,*,*,電流,38
4533,0,測定,名詞,サ変接続,*,*,測定,36
4535,0,学ぶ,動詞,自立,*,*,学ぶ,31
4536,0,電力,名詞,一般,*,*,電力,38
4538,0,測定,名詞,サ変接続,*,*,測定,36
4540,0,直流,名詞,サ変接続,*,*,直流,36
4542,0,交流,名詞,サ変接続,*,*,交流,36
4544,0,電力,名詞,一般,*,*,電力,38
4545,0,測定,名詞,サ変接続,*,*,測定,36
4547,0,力率,名詞,固有名詞,一般,*,力率,41
4549,0,各種,名詞,一般,*,*,各種,38
4550,0,電力計,名詞,固有名詞,一般,*,電力計,41
4553,0,相,名詞,接尾,一般,*,相,51
4554,0,交流,名詞,サ変接続,*,*,交流,36
4555,0,電力,名詞,一般,*,*,電力,38
4556,0,測定,名詞,サ変接続,*,*,測定,36
4558,0,直流,名詞,サ変接続,*,*,直流,36
4560,0,交流,名詞,サ変接続,*,*,交流,36
4562,0,電力,名詞,一般,*,*,電力,38
4563,0,測定,名詞,サ変接続,*,*,測定,36
4565,0,力率,名詞,固有名詞,一般,*,力率,41
4567,0,各種,名詞,一般,*,*,各種,38
4568,0,電力計,名詞,固有名詞,一般,*,電力計,41
4571,0,相,名詞,接尾,一般,*,相,51
4572,0,交流,名詞,サ変接続,*,*,交流,36
4573,0,電力,名詞,一般,*,*,電力,38
4574,0,測定,名詞,サ変接続,*,*,測定,36
4577,0,電力,名詞,一般,*,*,電力,38
4579,0,測定,名詞,サ変接続,*,*,測定,36
4581,0,学ぶ,動詞,自立,*,*,学ぶ,31
4582,0,抵抗,名詞,サ変接続,*,*,抵抗,36
4584,0,インピーダンス,名詞,固有名詞,一般,*,インピーダンス,41
4586,0,測定,名詞,サ変接続,*,*,測定,36
4588,0,電圧計,名詞,固有名詞,一般,*,電圧計,41
4590,0,電流計,名詞,固有名詞,一般,*,電流計,41
4592,0,抵抗,名詞,サ変接続,*,*,抵抗,36
4593,0,測定,名詞,サ変接続,*,*,測定,36
4595,0,直流,名詞,サ変接続,*,*,直流,36
4597,0,交流,名詞,サ変接続,*,*,交流,36
4598,0,ブリッジ,名詞,一般,*,*,ブリッジ,38
4600,0,電圧計,名詞,固有名詞,一般,*,電圧計,41
4602,0,電流計,名詞,固有名詞,一般,*,電流計,41
4604,0,抵抗,名詞,サ変接続,*,*,抵抗,36
4605,0,測定,名詞,サ変接続,*,*,測定,36
4607,0,直流,名詞,サ変接続,*,*,直流,36
4609,0,交流,名詞,サ変接続,*,*,交流,36
4610,0,ブリッジ,名詞,一般,*,*,ブリッジ,38
4613,0,抵抗,名詞,サ変接続,*,*,抵抗,36
4615,0,インピーダンス,名詞,固有名詞,一般,*,インピーダンス,41
4617,0,測定,名詞,サ変接続,*,*,測定,36
4619,0,学ぶ,動詞,自立,*,*,学ぶ,31
4623,0,教授,名詞,一般,*,*,教授,38
4624,0,内容,名詞,一般,*,*,内容,38
4626,0,理解度,名詞,固有名詞,一般,*,理解度,41
4628,0,確認,名詞,サ変接続,*,*,確認,36
4629,0,理解度,名詞,固有名詞,一般,*,理解度,41
4630,0,確認,名詞,サ変接続,*,*,確認,36
4632,0,到達,名詞,サ変接続,*,*,到達,36
4633,0,度,名詞,接尾,一般,*,度,51
4634,0,自己評価,名詞,固有名詞,一般,*,自己評価,41
4636,0,実施,名詞,サ変接続,*,*,実施,36
4638,0,高周波,名詞,一般,*,*,高周波,38
4639,0,測定,名詞,サ変接続,*,*,測定,36
4641,0,高周波,名詞,一般,*,*,高周波,38
4642,0,インピーダンス,名詞,固有名詞,一般,*,インピーダンス,41
4644,0,測定,名詞,サ変接続,*,*,測定,36
4646,0,ネットワークアナライザ,名詞,固有名詞,一般,*,ネットワーク・アナライザ,41
4648,0,スペクトラムアナライザ,名詞,固有名詞,一般,*,スペクトラムアナライザ,41
4650,0,分布定数回路,名詞,固有名詞,一般,*,分布定数回路,41
4652,0,微分方程式,名詞,固有名詞,一般,*,微分方程式,41
4653,0,導出,名詞,サ変接続,*,*,導出,36
4655,0,定在波比,名詞,固有名詞,一般,*,定在波比,41
4657,0,説明,名詞,サ変接続,*,*,説明,36
4658,0,信号,名詞,一般,*,*,信号,38
4659,0,源,名詞,接尾,一般,*,源,51
4661,0,ファンクションジェネレータ,名詞,固有名詞,一般,*,ファンクションジェネレータ,41
4663,0,周波数シンセサイザ,名詞,固有名詞,一般,*,周波数シンセサイザ,41
4665,0,アナログ,名詞,一般,*,*,アナログ,38
4666,0,ファンクションジェネレータ,名詞,固有名詞,一般,*,ファンクションジェネレータ,41
4668,0,三角波,名詞,一般,*,*,三角波,38
4669,0,発生,名詞,サ変接続,*,*,発生,36
4670,0,原理,名詞,一般,*,*,原理,38
4672,0,説明,名詞,サ変接続,*,*,説明,36
4676,0,DDS,名詞,固有名詞,一般,*,DDS,41
4678,0,周波数シンセサイザ,名詞,固有名詞,一般,*,周波数シンセサイザ,41
4679,0,構成,名詞,サ変接続,*,*,構成,36
4680,0,法,名詞,接尾,一般,*,法,51
4682,0,説明,名詞,サ変接続,*,*,説明,36
4683,0,周波数,名詞,一般,*,*,周波数,38
4685,0,位相,名詞,一般,*,*,位相,38
4687,0,測定,名詞,サ変接続,*,*,測定,36
4689,0,周波数カウンタ,名詞,固有名詞,一般,*,周波数カウンタ,41
4691,0,周波数,名詞,一般,*,*,周波数,38
4693,0,位相,名詞,一般,*,*,位相,38
4695,0,測定,名詞,サ変接続,*,*,測定,36
4697,0,周波数カウンタ,名詞,固有名詞,一般,*,周波数カウンタ,41
4699,0,周波数,名詞,一般,*,*,周波数,38
4700,0,分解能,名詞,一般,*,*,分解能,38
4702,0,時間分解能,名詞,固有名詞,一般,*,時間分解能,41
4704,0,関係,名詞,サ変接続,*,*,関係,36
4706,0,説明,名詞,サ変接続,*,*,説明,36
4709,0,図形,名詞,一般,*,*,図形,38
4711,0,式,名詞,一般,*,*,式,38
4713,0,導出,名詞,サ変接続,*,*,導出,36
4714,0,磁気,名詞,一般,*,*,磁気,38
4715,0,測定,名詞,サ変接続,*,*,測定,36
4717,0,磁界,名詞,一般,*,*,磁界,38
4719,0,測定,名詞,サ変接続,*,*,測定,36
4721,0,磁束,名詞,一般,*,*,磁束,38
4723,0,測定,名詞,サ変接続,*,*,測定,36
4725,0,磁化率,名詞,固有名詞,一般,*,磁化率,41
4727,0,測定,名詞,サ変接続,*,*,測定,36
4729,0,磁性材料,名詞,固有名詞,一般,*,磁性材料,41
4731,0,磁気,名詞,一般,*,*,磁気,38
4732,0,特性,名詞,一般,*,*,特性,38
4734,0,測定,名詞,サ変接続,*,*,測定,36
4737,0,ホール効果,名詞,固有名詞,一般,*,ホール効果,41
4739,0,磁気抵抗効果,名詞,固有名詞,一般,*,磁気抵抗効果,41
4744,0,曲線,名詞,一般,*,*,曲線,38
4746,0,説明,名詞,サ変接続,*,*,説明,36
4747,0,波形,名詞,一般,*,*,波形,38
4748,0,測定,名詞,サ変接続,*,*,測定,36
4750,0,アナログ,名詞,一般,*,*,アナログ,38
4752,0,ディジタル,名詞,一般,*,*,ディジタル,38
4753,0,オシロスコープ,名詞,一般,*,*,オシロスコープ,38
4755,0,ロジックアナライザ,名詞,固有名詞,一般,*,ロジックアナライザ,41
4757,0,アナログ,名詞,一般,*,*,アナログ,38
4758,0,オシロスコープ,名詞,一般,*,*,オシロスコープ,38
4760,0,ディジタル,名詞,一般,*,*,ディジタル,38
4761,0,オシロスコープ,名詞,一般,*,*,オシロスコープ,38
4763,0,原理,名詞,一般,*,*,原理,38
4765,0,説明,名詞,サ変接続,*,*,説明,36
4767,0,プローブ,名詞,固有名詞,人名,一般,prove,42
4769,0,説明,名詞,サ変接続,*,*,説明,36
4773,0,ポスト,名詞,一般,*,*,ポスト,38
4774,0,トリガ,名詞,サ変接続,*,*,トリガ,36
4776,0,等価,名詞,一般,*,*,等価,38
4777,0,サンプリング,名詞,サ変接続,*,*,サンプリング,36
4778,0,等,名詞,接尾,一般,*,等,51
4779,0,ディジタル,名詞,一般,*,*,ディジタル,38
4780,0,オシロスコープ,名詞,一般,*,*,オシロスコープ,38
4781,0,特有,名詞,一般,*,*,特有,38
4783,0,機能,名詞,サ変接続,*,*,機能,36
4785,0,説明,名詞,サ変接続,*,*,説明,36
4788,0,単発,名詞,一般,*,*,単発,38
4789,0,現象,名詞,一般,*,*,現象,38
4791,0,捉える,動詞,自立,*,*,捉える,31
4792,0,トリガ,名詞,サ変接続,*,*,トリガ,36
4794,0,かけ,動詞,自立,*,*,かける,31
4797,0,述べる,動詞,自立,*,*,述べる,31
4798,0,センサ,名詞,固有名詞,一般,*,センサ,41
4800,0,用い,動詞,自立,*,*,用いる,31
4802,0,計測,名詞,サ変接続,*,*,計測,36
4804,0,温度,名詞,一般,*,*,温度,38
4805,0,センサ,名詞,固有名詞,一般,*,センサ,41
4807,0,光,名詞,一般,*,*,光,38
4808,0,センサ,名詞,固有名詞,一般,*,センサ,41
4813,0,変換,名詞,サ変接続,*,*,変換,36
4814,0,器,名詞,接尾,一般,*,器,51
4816,0,使い方,名詞,一般,*,*,使い方,38
4818,0,基本,名詞,一般,*,*,基本,38
4819,0,的,名詞,接尾,形容動詞語幹,*,的,52
4821,0,物理,名詞,一般,*,*,物理,38
4822,0,量,名詞,接尾,一般,*,量,51
4824,0,計測,名詞,サ変接続,*,*,計測,36
4826,0,センサ,名詞,固有名詞,一般,*,センサ,41
4828,0,原理,名詞,一般,*,*,原理,38
4830,0,コンピュータ,名詞,一般,*,*,コンピュータ,38
4832,0,データ,名詞,一般,*,*,データ,38
4834,0,取り込む,動詞,自立,*,*,取り込む,31
4835,0,方法,名詞,一般,*,*,方法,38
4837,0,説明,名詞,サ変接続,*,*,説明,36
4838,0,コンピュータ,名詞,一般,*,*,コンピュータ,38
4839,0,計測,名詞,サ変接続,*,*,計測,36
4841,0,組み込みシステム,名詞,固有名詞,一般,*,組み込みシステム,41
4843,0,I/O,名詞,固有名詞,一般,*,I/O,41
4845,0,マイコン,名詞,一般,*,*,マイコン,38
4847,0,FPGA,名詞,固有名詞,一般,*,FPGA,41
4849,0,計測,名詞,サ変接続,*,*,計測,36
4850,0,用,名詞,接尾,一般,*,用,51
4851,0,ソフトウエア,名詞,一般,*,*,ソフトウエア,38
4853,0,マイコン,名詞,一般,*,*,マイコン,38
4855,0,FPGA,名詞,固有名詞,一般,*,FPGA,41
4857,0,I/O,名詞,固有名詞,一般,*,I/O,41
4859,0,制御,名詞,サ変接続,*,*,制御,36
4860,0,方法,名詞,一般,*,*,方法,38
4862,0,説明,名詞,サ変接続,*,*,説明,36
4863,0,計測,名詞,サ変接続,*,*,計測,36
4865,0,基礎,名詞,一般,*,*,基礎,38
4867,0,計測,名詞,サ変接続,*,*,計測,36
4869,0,意義,名詞,一般,*,*,意義,38
4871,0,計測器,名詞,固有名詞,一般,*,計測器,41
4873,0,性能,名詞,一般,*,*,性能,38
4875,0,示す,動詞,自立,*,*,示す,31
4876,0,指標,名詞,一般,*,*,指標,38
4878,0,誤差,名詞,一般,*,*,誤差,38
4880,0,有効数字,名詞,固有名詞,一般,*,有効数字,41
4883,0,表示,名詞,サ変接続,*,*,表示,36
4885,0,単位,名詞,一般,*,*,単位,38
4887,0,標準,名詞,一般,*,*,標準,38
4889,0,計測,名詞,サ変接続,*,*,計測,36
4891,0,意義,名詞,一般,*,*,意義,38
4893,0,計測器,名詞,固有名詞,一般,*,計測器,41
4895,0,性能,名詞,一般,*,*,性能,38
4897,0,示す,動詞,自立,*,*,示す,31
4898,0,指標,名詞,一般,*,*,指標,38
4900,0,誤差,名詞,一般,*,*,誤差,38
4902,0,有効数字,名詞,固有名詞,一般,*,有効数字,41
4905,0,表示,名詞,サ変接続,*,*,表示,36
4907,0,単位,名詞,一般,*,*,単位,38
4909,0,標準,名詞,一般,*,*,標準,38
4912,0,計測,名詞,サ変接続,*,*,計測,36
4914,0,基礎,名詞,一般,*,*,基礎,38
4916,0,説明,名詞,サ変接続,*,*,説明,36
4917,0,雑音,名詞,一般,*,*,雑音,38
4919,0,雑音,名詞,一般,*,*,雑音,38
4921,0,種類,名詞,一般,*,*,種類,38
4923,0,SN比,名詞,固有名詞,一般,*,SN比,41
4925,0,検出限界,名詞,固有名詞,一般,*,検出限界,41
4927,0,雑音指数,名詞,固有名詞,一般,*,雑音指数,41
4929,0,雑音,名詞,一般,*,*,雑音,38
4931,0,除去,名詞,サ変接続,*,*,除去,36
4933,0,雑音,名詞,一般,*,*,雑音,38
4935,0,種類,名詞,一般,*,*,種類,38
4937,0,SN比,名詞,固有名詞,一般,*,SN比,41
4939,0,検出限界,名詞,固有名詞,一般,*,検出限界,41
4941,0,雑音指数,名詞,固有名詞,一般,*,雑音指数,41
4943,0,雑音,名詞,一般,*,*,雑音,38
4945,0,除去,名詞,サ変接続,*,*,除去,36
4948,0,雑音,名詞,一般,*,*,雑音,38
4950,0,説明,名詞,サ変接続,*,*,説明,36
4951,0,アナログ,名詞,一般,*,*,アナログ,38
4952,0,量,名詞,接尾,一般,*,量,51
4954,0,扱い,動詞,自立,*,*,扱う,31
4957,0,演算,名詞,サ変接続,*,*,演算,36
4958,0,増幅器,名詞,一般,*,*,増幅器,38
4960,0,内部抵抗,名詞,固有名詞,一般,*,内部抵抗,41
4962,0,フィルタ,名詞,一般,*,*,フィルタ,38
4964,0,演算,名詞,サ変接続,*,*,演算,36
4965,0,増幅器,名詞,一般,*,*,増幅器,38
4967,0,内部抵抗,名詞,固有名詞,一般,*,内部抵抗,41
4969,0,フィルタ,名詞,一般,*,*,フィルタ,38
4972,0,アナログ,名詞,一般,*,*,アナログ,38
4973,0,量,名詞,接尾,一般,*,量,51
4975,0,扱い,名詞,サ変接続,*,*,扱い,36
4976,0,方,名詞,接尾,一般,*,方,51
4978,0,説明,名詞,サ変接続,*,*,説明,36
4979,0,ディジタル,名詞,一般,*,*,ディジタル,38
4980,0,量,名詞,接尾,一般,*,量,51
4982,0,扱い,動詞,自立,*,*,扱う,31
4985,0,2進法,名詞,固有名詞,一般,*,2進法,41
4989,0,法,名詞,接尾,一般,*,法,51
4993,0,法,名詞,接尾,一般,*,法,51
4995,0,データ,名詞,一般,*,*,データ,38
4997,0,符号化,名詞,固有名詞,一般,*,符号化,41
4999,0,データ,名詞,一般,*,*,データ,38
5000,0,変換,名詞,サ変接続,*,*,変換,36
5002,0,伝送,名詞,サ変接続,*,*,伝送,36
5003,0,方式,名詞,一般,*,*,方式,38
5005,0,2進法,名詞,固有名詞,一般,*,2進法,41
5009,0,法,名詞,接尾,一般,*,法,51
5013,0,法,名詞,接尾,一般,*,法,51
5015,0,データ,名詞,一般,*,*,データ,38
5017,0,符号化,名詞,固有名詞,一般,*,符号化,41
5019,0,データ,名詞,一般,*,*,データ,38
5020,0,変換,名詞,サ変接続,*,*,変換,36
5022,0,伝送,名詞,サ変接続,*,*,伝送,36
5023,0,方式,名詞,一般,*,*,方式,38
5026,0,ディジタル,名詞,一般,*,*,ディジタル,38
5027,0,量,名詞,接尾,一般,*,量,51
5029,0,扱い,名詞,サ変接続,*,*,扱い,36
5030,0,方,名詞,接尾,一般,*,方,51
5032,0,学ぶ,動詞,自立,*,*,学ぶ,31
5033,0,電圧,名詞,一般,*,*,電圧,38
5035,0,電流,名詞,一般,*,*,電流,38
5037,0,測定,名詞,サ変接続,*,*,測定,36
5039,0,直流,名詞,サ変接続,*,*,直流,36
5041,0,測定,名詞,サ変接続,*,*,測定,36
5043,0,交流,名詞,サ変接続,*,*,交流,36
5044,0,波形,名詞,一般,*,*,波形,38
5046,0,実効値,名詞,固有名詞,一般,*,実効値,41
5048,0,交流,名詞,サ変接続,*,*,交流,36
5050,0,測定,名詞,サ変接続,*,*,測定,36
5054,0,直流,名詞,サ変接続,*,*,直流,36
5056,0,測定,名詞,サ変接続,*,*,測定,36
5058,0,交流,名詞,サ変接続,*,*,交流,36
5059,0,波形,名詞,一般,*,*,波形,38
5061,0,実効値,名詞,固有名詞,一般,*,実効値,41
5063,0,交流,名詞,サ変接続,*,*,交流,36
5065,0,測定,名詞,サ変接続,*,*,測定,36
5070,0,電圧,名詞,一般,*,*,電圧,38
5072,0,電流,名詞,一般,*,*,電流,38
5074,0,測定,名詞,サ変接続,*,*,測定,36
5076,0,学ぶ,動詞,自立,*,*,学ぶ,31
5077,0,電力,名詞,一般,*,*,電力,38
5079,0,測定,名詞,サ変接続,*,*,測定,36
5081,0,直流,名詞,サ変接続,*,*,直流,36
5083,0,交流,名詞,サ変接続,*,*,交流,36
5085,0,電力,名詞,一般,*,*,電力,38
5086,0,測定,名詞,サ変接続,*,*,測定,36
5088,0,力率,名詞,固有名詞,一般,*,力率,41
5090,0,各種,名詞,一般,*,*,各種,38
5091,0,電力計,名詞,固有名詞,一般,*,電力計,41
5094,0,相,名詞,接尾,一般,*,相,51
5095,0,交流,名詞,サ変接続,*,*,交流,36
5096,0,電力,名詞,一般,*,*,電力,38
5097,0,測定,名詞,サ変接続,*,*,測定,36
5099,0,直流,名詞,サ変接続,*,*,直流,36
5101,0,交流,名詞,サ変接続,*,*,交流,36
5103,0,電力,名詞,一般,*,*,電力,38
5104,0,測定,名詞,サ変接続,*,*,測定,36
5106,0,力率,名詞,固有名詞,一般,*,力率,41
5108,0,各種,名詞,一般,*,*,各種,38
5109,0,電力計,名詞,固有名詞,一般,*,電力計,41
5112,0,相,名詞,接尾,一般,*,相,51
5113,0,交流,名詞,サ変接続,*,*,交流,36
5114,0,電力,名詞,一般,*,*,電力,38
5115,0,測定,名詞,サ変接続,*,*,測定,36
5118,0,電力,名詞,一般,*,*,電力,38
5120,0,測定,名詞,サ変接続,*,*,測定,36
5122,0,学ぶ,動詞,自立,*,*,学ぶ,31
5123,0,抵抗,名詞,サ変接続,*,*,抵抗,36
5125,0,インピーダンス,名詞,固有名詞,一般,*,インピーダンス,41
5127,0,測定,名詞,サ変接続,*,*,測定,36
5129,0,電圧計,名詞,固有名詞,一般,*,電圧計,41
5131,0,電流計,名詞,固有名詞,一般,*,電流計,41
5133,0,抵抗,名詞,サ変接続,*,*,抵抗,36
5134,0,測定,名詞,サ変接続,*,*,測定,36
5136,0,直流,名詞,サ変接続,*,*,直流,36
5138,0,交流,名詞,サ変接続,*,*,交流,36
5139,0,ブリッジ,名詞,一般,*,*,ブリッジ,38
5141,0,電圧計,名詞,固有名詞,一般,*,電圧計,41
5143,0,電流計,名詞,固有名詞,一般,*,電流計,41
5145,0,抵抗,名詞,サ変接続,*,*,抵抗,36
5146,0,測定,名詞,サ変接続,*,*,測定,36
5148,0,直流,名詞,サ変接続,*,*,直流,36
5150,0,交流,名詞,サ変接続,*,*,交流,36
5151,0,ブリッジ,名詞,一般,*,*,ブリッジ,38
5154,0,抵抗,名詞,サ変接続,*,*,抵抗,36
5156,0,インピーダンス,名詞,固有名詞,一般,*,インピーダンス,41
5158,0,測定,名詞,サ変接続,*,*,測定,36
5160,0,学ぶ,動詞,自立,*,*,学ぶ,31
5164,0,教授,名詞,一般,*,*,教授,38
5165,0,内容,名詞,一般,*,*,内容,38
5167,0,理解度,名詞,固有名詞,一般,*,理解度,41
5169,0,確認,名詞,サ変接続,*,*,確認,36
5170,0,理解度,名詞,固有名詞,一般,*,理解度,41
5171,0,確認,名詞,サ変接続,*,*,確認,36
5173,0,到達,名詞,サ変接続,*,*,到達,36
5174,0,度,名詞,接尾,一般,*,度,51
5175,0,自己評価,名詞,固有名詞,一般,*,自己評価,41
5177,0,実施,名詞,サ変接続,*,*,実施,36
5179,0,高周波,名詞,一般,*,*,高周波,38
5180,0,測定,名詞,サ変接続,*,*,測定,36
5182,0,高周波,名詞,一般,*,*,高周波,38
5183,0,インピーダンス,名詞,固有名詞,一般,*,インピーダンス,41
5185,0,測定,名詞,サ変接続,*,*,測定,36
5187,0,ネットワークアナライザ,名詞,固有名詞,一般,*,ネットワーク・アナライザ,41
5189,0,スペクトラムアナライザ,名詞,固有名詞,一般,*,スペクトラムアナライザ,41
5191,0,分布定数回路,名詞,固有名詞,一般,*,分布定数回路,41
5193,0,微分方程式,名詞,固有名詞,一般,*,微分方程式,41
5194,0,導出,名詞,サ変接続,*,*,導出,36
5196,0,定在波比,名詞,固有名詞,一般,*,定在波比,41
5198,0,説明,名詞,サ変接続,*,*,説明,36
5199,0,信号,名詞,一般,*,*,信号,38
5200,0,源,名詞,接尾,一般,*,源,51
5202,0,ファンクションジェネレータ,名詞,固有名詞,一般,*,ファンクションジェネレータ,41
5204,0,周波数シンセサイザ,名詞,固有名詞,一般,*,周波数シンセサイザ,41
5206,0,アナログ,名詞,一般,*,*,アナログ,38
5207,0,ファンクションジェネレータ,名詞,固有名詞,一般,*,ファンクションジェネレータ,41
5209,0,三角波,名詞,一般,*,*,三角波,38
5210,0,発生,名詞,サ変接続,*,*,発生,36
5211,0,原理,名詞,一般,*,*,原理,38
5213,0,説明,名詞,サ変接続,*,*,説明,36
5217,0,DDS,名詞,固有名詞,一般,*,DDS,41
5219,0,周波数シンセサイザ,名詞,固有名詞,一般,*,周波数シンセサイザ,41
5220,0,構成,名詞,サ変接続,*,*,構成,36
5221,0,法,名詞,接尾,一般,*,法,51
5223,0,説明,名詞,サ変接続,*,*,説明,36
5224,0,周波数,名詞,一般,*,*,周波数,38
5226,0,位相,名詞,一般,*,*,位相,38
5228,0,測定,名詞,サ変接続,*,*,測定,36
5230,0,周波数カウンタ,名詞,固有名詞,一般,*,周波数カウンタ,41
5232,0,周波数,名詞,一般,*,*,周波数,38
5234,0,位相,名詞,一般,*,*,位相,38
5236,0,測定,名詞,サ変接続,*,*,測定,36
5238,0,周波数カウンタ,名詞,固有名詞,一般,*,周波数カウンタ,41
5240,0,周波数,名詞,一般,*,*,周波数,38
5241,0,分解能,名詞,一般,*,*,分解能,38
5243,0,時間分解能,名詞,固有名詞,一般,*,時間分解能,41
5245,0,関係,名詞,サ変接続,*,*,関係,36
5247,0,説明,名詞,サ変接続,*,*,説明,36
5250,0,図形,名詞,一般,*,*,図形,38
5252,0,式,名詞,一般,*,*,式,38
5254,0,導出,名詞,サ変接続,*,*,導出,36
5255,0,磁気,名詞,一般,*,*,磁気,38
5256,0,測定,名詞,サ変接続,*,*,測定,36
5258,0,磁界,名詞,一般,*,*,磁界,38
5260,0,測定,名詞,サ変接続,*,*,測定,36
5262,0,磁束,名詞,一般,*,*,磁束,38
5264,0,測定,名詞,サ変接続,*,*,測定,36
5266,0,磁化率,名詞,固有名詞,一般,*,磁化率,41
5268,0,測定,名詞,サ変接続,*,*,測定,36
5270,0,磁性材料,名詞,固有名詞,一般,*,磁性材料,41
5272,0,磁気,名詞,一般,*,*,磁気,38
5273,0,特性,名詞,一般,*,*,特性,38
5275,0,測定,名詞,サ変接続,*,*,測定,36
5278,0,ホール効果,名詞,固有名詞,一般,*,ホール効果,41
5280,0,磁気抵抗効果,名詞,固有名詞,一般,*,磁気抵抗効果,41
5285,0,曲線,名詞,一般,*,*,曲線,38
5287,0,説明,名詞,サ変接続,*,*,説明,36
5288,0,波形,名詞,一般,*,*,波形,38
5289,0,測定,名詞,サ変接続,*,*,測定,36
5291,0,アナログ,名詞,一般,*,*,アナログ,38
5293,0,ディジタル,名詞,一般,*,*,ディジタル,38
5294,0,オシロスコープ,名詞,一般,*,*,オシロスコープ,38
5296,0,ロジックアナライザ,名詞,固有名詞,一般,*,ロジックアナライザ,41
5298,0,アナログ,名詞,一般,*,*,アナログ,38
5299,0,オシロスコープ,名詞,一般,*,*,オシロスコープ,38
5301,0,ディジタル,名詞,一般,*,*,ディジタル,38
5302,0,オシロスコープ,名詞,一般,*,*,オシロスコープ,38
5304,0,原理,名詞,一般,*,*,原理,38
5306,0,説明,名詞,サ変接続,*,*,説明,36
5308,0,プローブ,名詞,固有名詞,人名,一般,prove,42
5310,0,説明,名詞,サ変接続,*,*,説明,36
5314,0,ポスト,名詞,一般,*,*,ポスト,38
5315,0,トリガ,名詞,サ変接続,*,*,トリガ,36
5317,0,等価,名詞,一般,*,*,等価,38
5318,0,サンプリング,名詞,サ変接続,*,*,サンプリング,36
5319,0,等,名詞,接尾,一般,*,等,51
5320,0,ディジタル,名詞,一般,*,*,ディジタル,38
5321,0,オシロスコープ,名詞,一般,*,*,オシロスコープ,38
5322,0,特有,名詞,一般,*,*,特有,38
5324,0,機能,名詞,サ変接続,*,*,機能,36
5326,0,説明,名詞,サ変接続,*,*,説明,36
5329,0,単発,名詞,一般,*,*,単発,38
5330,0,現象,名詞,一般,*,*,現象,38
5332,0,捉える,動詞,自立,*,*,捉える,31
5333,0,トリガ,名詞,サ変接続,*,*,トリガ,36
5335,0,かけ,動詞,自立,*,*,かける,31
5338,0,述べる,動詞,自立,*,*,述べる,31
5339,0,センサ,名詞,固有名詞,一般,*,センサ,41
5341,0,用い,動詞,自立,*,*,用いる,31
5343,0,計測,名詞,サ変接続,*,*,計測,36
5345,0,温度,名詞,一般,*,*,温度,38
5346,0,センサ,名詞,固有名詞,一般,*,センサ,41
5348,0,光,名詞,一般,*,*,光,38
5349,0,センサ,名詞,固有名詞,一般,*,センサ,41
5354,0,変換,名詞,サ変接続,*,*,変換,36
5355,0,器,名詞,接尾,一般,*,器,51
5357,0,使い方,名詞,一般,*,*,使い方,38
5359,0,基本,名詞,一般,*,*,基本,38
5360,0,的,名詞,接尾,形容動詞語幹,*,的,52
5362,0,物理,名詞,一般,*,*,物理,38
5363,0,量,名詞,接尾,一般,*,量,51
5365,0,計測,名詞,サ変接続,*,*,計測,36
5367,0,センサ,名詞,固有名詞,一般,*,センサ,41
5369,0,原理,名詞,一般,*,*,原理,38
5371,0,コンピュータ,名詞,一般,*,*,コンピュータ,38
5373,0,データ,名詞,一般,*,*,データ,38
5375,0,取り込む,動詞,自立,*,*,取り込む,31
5376,0,方法,名詞,一般,*,*,方法,38
5378,0,説明,名詞,サ変接続,*,*,説明,36
5379,0,コンピュータ,名詞,一般,*,*,コンピュータ,38
5380,0,計測,名詞,サ変接続,*,*,計測,36
5382,0,組み込みシステム,名詞,固有名詞,一般,*,組み込みシステム,41
5384,0,I/O,名詞,固有名詞,一般,*,I/O,41
5386,0,マイコン,名詞,一般,*,*,マイコン,38
5388,0,FPGA,名詞,固有名詞,一般,*,FPGA,41
5390,0,計測,名詞,サ変接続,*,*,計測,36
5391,0,用,名詞,接尾,一般,*,用,51
5392,0,ソフトウエア,名詞,一般,*,*,ソフトウエア,38
5394,0,マイコン,名詞,一般,*,*,マイコン,38
5396,0,FPGA,名詞,固有名詞,一般,*,FPGA,41
5398,0,I/O,名詞,固有名詞,一般,*,I/O,41
5400,0,制御,名詞,サ変接続,*,*,制御,36
5401,0,方法,名詞,一般,*,*,方法,38
5403,0,説明,名詞,サ変接続,*,*,説明,36
