Unnamed: 0,文番号,表層,品詞1,品詞2,品詞3,品詞4,原型,posID
1,0,到達,名詞,サ変接続,*,*,到達,36
2,0,目標,名詞,一般,*,*,目標,38
6,0,講義,名詞,サ変接続,*,*,講義,36
8,0,履修,名詞,サ変接続,*,*,履修,36
13,0,無機,名詞,一般,*,*,無機,38
14,0,材料,名詞,一般,*,*,材料,38
16,0,有機,名詞,一般,*,*,有機,38
17,0,材料,名詞,一般,*,*,材料,38
19,0,金属,名詞,一般,*,*,金属,38
20,0,材料,名詞,一般,*,*,材料,38
22,0,扱う,動詞,自立,*,*,扱う,31
23,0,ため,名詞,非自立,副詞可能,*,ため,66
25,0,基礎的,名詞,固有名詞,一般,*,基礎的,41
26,0,事項,名詞,一般,*,*,事項,38
29,0,固体,名詞,一般,*,*,固体,38
31,0,結晶構造,名詞,固有名詞,一般,*,結晶構造,41
33,0,固体,名詞,一般,*,*,固体,38
34,0,材料,名詞,一般,*,*,材料,38
36,0,相,名詞,一般,*,*,相,38
37,0,図,名詞,接尾,一般,*,図,51
39,0,状態図,名詞,固有名詞,一般,*,状態図,41
41,0,理解,名詞,サ変接続,*,*,理解,36
45,0,金属,名詞,一般,*,*,金属,38
46,0,腐食,名詞,サ変接続,*,*,腐食,36
48,0,中心,名詞,一般,*,*,中心,38
51,0,材料,名詞,一般,*,*,材料,38
52,0,劣化,名詞,サ変接続,*,*,劣化,36
54,0,基礎,名詞,一般,*,*,基礎,38
56,0,理解,名詞,サ変接続,*,*,理解,36
60,0,到達,名詞,サ変接続,*,*,到達,36
61,0,目標,名詞,一般,*,*,目標,38
68,0,結晶構造,名詞,固有名詞,一般,*,結晶構造,41
70,0,状態,名詞,一般,*,*,状態,38
71,0,図,名詞,接尾,一般,*,図,51
73,0,理解,名詞,サ変接続,*,*,理解,36
75,0,基づい,動詞,自立,*,*,基づく,31
78,0,材料,名詞,一般,*,*,材料,38
80,0,理論,名詞,一般,*,*,理論,38
81,0,強度,名詞,一般,*,*,強度,38
83,0,強化,名詞,サ変接続,*,*,強化,36
84,0,法,名詞,接尾,一般,*,法,51
86,0,劣化,名詞,サ変接続,*,*,劣化,36
89,0,防止,名詞,サ変接続,*,*,防止,36
91,0,考え方,名詞,一般,*,*,考え方,38
93,0,習得,名詞,サ変接続,*,*,習得,36
96,0,応用化学,名詞,固有名詞,一般,*,応用化学,41
98,0,分野,名詞,一般,*,*,分野,38
100,0,創製,名詞,サ変接続,*,*,創製,36
102,0,材料,名詞,一般,*,*,材料,38
104,0,使い,動詞,自立,*,*,使う,31
106,0,応用,名詞,サ変接続,*,*,応用,36
107,0,できる,動詞,自立,*,*,できる,31
110,0,なる,動詞,自立,*,*,なる,31
113,0,目標,名詞,一般,*,*,目標,38
119,0,テーマ,名詞,一般,*,*,テーマ,38
123,0,講義,名詞,サ変接続,*,*,講義,36
127,0,固体,名詞,一般,*,*,固体,38
129,0,結晶構造,名詞,固有名詞,一般,*,結晶構造,41
131,0,固体,名詞,一般,*,*,固体,38
132,0,材料,名詞,一般,*,*,材料,38
134,0,状態図,名詞,固有名詞,一般,*,状態図,41
136,0,考え方,名詞,一般,*,*,考え方,38
138,0,理解,名詞,サ変接続,*,*,理解,36
143,0,応用化学,名詞,固有名詞,一般,*,応用化学,41
144,0,分野,名詞,一般,*,*,分野,38
146,0,活用,名詞,サ変接続,*,*,活用,36
150,0,ため,名詞,非自立,副詞可能,*,ため,66
152,0,基礎,名詞,一般,*,*,基礎,38
154,0,築く,動詞,自立,*,*,築く,31
157,0,目的,名詞,一般,*,*,目的,38
164,0,材料,名詞,一般,*,*,材料,38
165,0,強度,名詞,一般,*,*,強度,38
167,0,劣化,名詞,サ変接続,*,*,劣化,36
169,0,基礎,名詞,一般,*,*,基礎,38
171,0,理解,名詞,サ変接続,*,*,理解,36
173,0,身,名詞,一般,*,*,身,38
175,0,つけ,動詞,自立,*,*,つける,31
179,0,到達,名詞,サ変接続,*,*,到達,36
180,0,目標,名詞,一般,*,*,目標,38
184,0,講義,名詞,サ変接続,*,*,講義,36
186,0,履修,名詞,サ変接続,*,*,履修,36
191,0,無機,名詞,一般,*,*,無機,38
192,0,材料,名詞,一般,*,*,材料,38
194,0,有機,名詞,一般,*,*,有機,38
195,0,材料,名詞,一般,*,*,材料,38
197,0,金属,名詞,一般,*,*,金属,38
198,0,材料,名詞,一般,*,*,材料,38
200,0,扱う,動詞,自立,*,*,扱う,31
201,0,ため,名詞,非自立,副詞可能,*,ため,66
203,0,基礎的,名詞,固有名詞,一般,*,基礎的,41
204,0,事項,名詞,一般,*,*,事項,38
207,0,固体,名詞,一般,*,*,固体,38
209,0,結晶構造,名詞,固有名詞,一般,*,結晶構造,41
211,0,固体,名詞,一般,*,*,固体,38
212,0,材料,名詞,一般,*,*,材料,38
214,0,相,名詞,一般,*,*,相,38
215,0,図,名詞,接尾,一般,*,図,51
217,0,状態図,名詞,固有名詞,一般,*,状態図,41
219,0,理解,名詞,サ変接続,*,*,理解,36
223,0,金属,名詞,一般,*,*,金属,38
224,0,腐食,名詞,サ変接続,*,*,腐食,36
226,0,中心,名詞,一般,*,*,中心,38
229,0,材料,名詞,一般,*,*,材料,38
230,0,劣化,名詞,サ変接続,*,*,劣化,36
232,0,基礎,名詞,一般,*,*,基礎,38
234,0,理解,名詞,サ変接続,*,*,理解,36
238,0,到達,名詞,サ変接続,*,*,到達,36
239,0,目標,名詞,一般,*,*,目標,38
246,0,結晶構造,名詞,固有名詞,一般,*,結晶構造,41
248,0,状態,名詞,一般,*,*,状態,38
249,0,図,名詞,接尾,一般,*,図,51
251,0,理解,名詞,サ変接続,*,*,理解,36
253,0,基づい,動詞,自立,*,*,基づく,31
256,0,材料,名詞,一般,*,*,材料,38
258,0,理論,名詞,一般,*,*,理論,38
259,0,強度,名詞,一般,*,*,強度,38
261,0,強化,名詞,サ変接続,*,*,強化,36
262,0,法,名詞,接尾,一般,*,法,51
264,0,劣化,名詞,サ変接続,*,*,劣化,36
267,0,防止,名詞,サ変接続,*,*,防止,36
269,0,考え方,名詞,一般,*,*,考え方,38
271,0,習得,名詞,サ変接続,*,*,習得,36
274,0,応用化学,名詞,固有名詞,一般,*,応用化学,41
276,0,分野,名詞,一般,*,*,分野,38
278,0,創製,名詞,サ変接続,*,*,創製,36
280,0,材料,名詞,一般,*,*,材料,38
282,0,使い,動詞,自立,*,*,使う,31
284,0,応用,名詞,サ変接続,*,*,応用,36
285,0,できる,動詞,自立,*,*,できる,31
288,0,なる,動詞,自立,*,*,なる,31
291,0,目標,名詞,一般,*,*,目標,38
297,0,テーマ,名詞,一般,*,*,テーマ,38
301,0,講義,名詞,サ変接続,*,*,講義,36
305,0,固体,名詞,一般,*,*,固体,38
307,0,結晶構造,名詞,固有名詞,一般,*,結晶構造,41
309,0,固体,名詞,一般,*,*,固体,38
310,0,材料,名詞,一般,*,*,材料,38
312,0,状態図,名詞,固有名詞,一般,*,状態図,41
314,0,考え方,名詞,一般,*,*,考え方,38
316,0,理解,名詞,サ変接続,*,*,理解,36
321,0,応用化学,名詞,固有名詞,一般,*,応用化学,41
322,0,分野,名詞,一般,*,*,分野,38
324,0,活用,名詞,サ変接続,*,*,活用,36
328,0,ため,名詞,非自立,副詞可能,*,ため,66
330,0,基礎,名詞,一般,*,*,基礎,38
332,0,築く,動詞,自立,*,*,築く,31
335,0,目的,名詞,一般,*,*,目的,38
342,0,材料,名詞,一般,*,*,材料,38
343,0,強度,名詞,一般,*,*,強度,38
345,0,劣化,名詞,サ変接続,*,*,劣化,36
347,0,基礎,名詞,一般,*,*,基礎,38
349,0,理解,名詞,サ変接続,*,*,理解,36
351,0,身,名詞,一般,*,*,身,38
353,0,つけ,動詞,自立,*,*,つける,31
357,0,到達,名詞,サ変接続,*,*,到達,36
358,0,目標,名詞,一般,*,*,目標,38
362,0,講義,名詞,サ変接続,*,*,講義,36
364,0,履修,名詞,サ変接続,*,*,履修,36
369,0,無機,名詞,一般,*,*,無機,38
370,0,材料,名詞,一般,*,*,材料,38
372,0,有機,名詞,一般,*,*,有機,38
373,0,材料,名詞,一般,*,*,材料,38
375,0,金属,名詞,一般,*,*,金属,38
376,0,材料,名詞,一般,*,*,材料,38
378,0,扱う,動詞,自立,*,*,扱う,31
379,0,ため,名詞,非自立,副詞可能,*,ため,66
381,0,基礎的,名詞,固有名詞,一般,*,基礎的,41
382,0,事項,名詞,一般,*,*,事項,38
385,0,固体,名詞,一般,*,*,固体,38
387,0,結晶構造,名詞,固有名詞,一般,*,結晶構造,41
389,0,固体,名詞,一般,*,*,固体,38
390,0,材料,名詞,一般,*,*,材料,38
392,0,相,名詞,一般,*,*,相,38
393,0,図,名詞,接尾,一般,*,図,51
395,0,状態図,名詞,固有名詞,一般,*,状態図,41
397,0,理解,名詞,サ変接続,*,*,理解,36
401,0,金属,名詞,一般,*,*,金属,38
402,0,腐食,名詞,サ変接続,*,*,腐食,36
404,0,中心,名詞,一般,*,*,中心,38
407,0,材料,名詞,一般,*,*,材料,38
408,0,劣化,名詞,サ変接続,*,*,劣化,36
410,0,基礎,名詞,一般,*,*,基礎,38
412,0,理解,名詞,サ変接続,*,*,理解,36
416,0,到達,名詞,サ変接続,*,*,到達,36
417,0,目標,名詞,一般,*,*,目標,38
424,0,結晶構造,名詞,固有名詞,一般,*,結晶構造,41
426,0,状態,名詞,一般,*,*,状態,38
427,0,図,名詞,接尾,一般,*,図,51
429,0,理解,名詞,サ変接続,*,*,理解,36
431,0,基づい,動詞,自立,*,*,基づく,31
434,0,材料,名詞,一般,*,*,材料,38
436,0,理論,名詞,一般,*,*,理論,38
437,0,強度,名詞,一般,*,*,強度,38
439,0,強化,名詞,サ変接続,*,*,強化,36
440,0,法,名詞,接尾,一般,*,法,51
442,0,劣化,名詞,サ変接続,*,*,劣化,36
445,0,防止,名詞,サ変接続,*,*,防止,36
447,0,考え方,名詞,一般,*,*,考え方,38
449,0,習得,名詞,サ変接続,*,*,習得,36
452,0,応用化学,名詞,固有名詞,一般,*,応用化学,41
454,0,分野,名詞,一般,*,*,分野,38
456,0,創製,名詞,サ変接続,*,*,創製,36
458,0,材料,名詞,一般,*,*,材料,38
460,0,使い,動詞,自立,*,*,使う,31
462,0,応用,名詞,サ変接続,*,*,応用,36
463,0,できる,動詞,自立,*,*,できる,31
466,0,なる,動詞,自立,*,*,なる,31
469,0,目標,名詞,一般,*,*,目標,38
475,0,テーマ,名詞,一般,*,*,テーマ,38
479,0,講義,名詞,サ変接続,*,*,講義,36
483,0,固体,名詞,一般,*,*,固体,38
485,0,結晶構造,名詞,固有名詞,一般,*,結晶構造,41
487,0,固体,名詞,一般,*,*,固体,38
488,0,材料,名詞,一般,*,*,材料,38
490,0,状態図,名詞,固有名詞,一般,*,状態図,41
492,0,考え方,名詞,一般,*,*,考え方,38
494,0,理解,名詞,サ変接続,*,*,理解,36
499,0,応用化学,名詞,固有名詞,一般,*,応用化学,41
500,0,分野,名詞,一般,*,*,分野,38
502,0,活用,名詞,サ変接続,*,*,活用,36
506,0,ため,名詞,非自立,副詞可能,*,ため,66
508,0,基礎,名詞,一般,*,*,基礎,38
510,0,築く,動詞,自立,*,*,築く,31
513,0,目的,名詞,一般,*,*,目的,38
520,0,材料,名詞,一般,*,*,材料,38
521,0,強度,名詞,一般,*,*,強度,38
523,0,劣化,名詞,サ変接続,*,*,劣化,36
525,0,基礎,名詞,一般,*,*,基礎,38
527,0,理解,名詞,サ変接続,*,*,理解,36
529,0,身,名詞,一般,*,*,身,38
531,0,つけ,動詞,自立,*,*,つける,31
535,0,到達,名詞,サ変接続,*,*,到達,36
536,0,目標,名詞,一般,*,*,目標,38
540,0,講義,名詞,サ変接続,*,*,講義,36
542,0,履修,名詞,サ変接続,*,*,履修,36
547,0,無機,名詞,一般,*,*,無機,38
548,0,材料,名詞,一般,*,*,材料,38
550,0,有機,名詞,一般,*,*,有機,38
551,0,材料,名詞,一般,*,*,材料,38
553,0,金属,名詞,一般,*,*,金属,38
554,0,材料,名詞,一般,*,*,材料,38
556,0,扱う,動詞,自立,*,*,扱う,31
557,0,ため,名詞,非自立,副詞可能,*,ため,66
559,0,基礎的,名詞,固有名詞,一般,*,基礎的,41
560,0,事項,名詞,一般,*,*,事項,38
563,0,固体,名詞,一般,*,*,固体,38
565,0,結晶構造,名詞,固有名詞,一般,*,結晶構造,41
567,0,固体,名詞,一般,*,*,固体,38
568,0,材料,名詞,一般,*,*,材料,38
570,0,相,名詞,一般,*,*,相,38
571,0,図,名詞,接尾,一般,*,図,51
573,0,状態図,名詞,固有名詞,一般,*,状態図,41
575,0,理解,名詞,サ変接続,*,*,理解,36
579,0,金属,名詞,一般,*,*,金属,38
580,0,腐食,名詞,サ変接続,*,*,腐食,36
582,0,中心,名詞,一般,*,*,中心,38
585,0,材料,名詞,一般,*,*,材料,38
586,0,劣化,名詞,サ変接続,*,*,劣化,36
588,0,基礎,名詞,一般,*,*,基礎,38
590,0,理解,名詞,サ変接続,*,*,理解,36
594,0,到達,名詞,サ変接続,*,*,到達,36
595,0,目標,名詞,一般,*,*,目標,38
602,0,結晶構造,名詞,固有名詞,一般,*,結晶構造,41
604,0,状態,名詞,一般,*,*,状態,38
605,0,図,名詞,接尾,一般,*,図,51
607,0,理解,名詞,サ変接続,*,*,理解,36
609,0,基づい,動詞,自立,*,*,基づく,31
612,0,材料,名詞,一般,*,*,材料,38
614,0,理論,名詞,一般,*,*,理論,38
615,0,強度,名詞,一般,*,*,強度,38
617,0,強化,名詞,サ変接続,*,*,強化,36
618,0,法,名詞,接尾,一般,*,法,51
620,0,劣化,名詞,サ変接続,*,*,劣化,36
623,0,防止,名詞,サ変接続,*,*,防止,36
625,0,考え方,名詞,一般,*,*,考え方,38
627,0,習得,名詞,サ変接続,*,*,習得,36
630,0,応用化学,名詞,固有名詞,一般,*,応用化学,41
632,0,分野,名詞,一般,*,*,分野,38
634,0,創製,名詞,サ変接続,*,*,創製,36
636,0,材料,名詞,一般,*,*,材料,38
638,0,使い,動詞,自立,*,*,使う,31
640,0,応用,名詞,サ変接続,*,*,応用,36
641,0,できる,動詞,自立,*,*,できる,31
644,0,なる,動詞,自立,*,*,なる,31
647,0,目標,名詞,一般,*,*,目標,38
653,0,テーマ,名詞,一般,*,*,テーマ,38
657,0,講義,名詞,サ変接続,*,*,講義,36
661,0,固体,名詞,一般,*,*,固体,38
663,0,結晶構造,名詞,固有名詞,一般,*,結晶構造,41
665,0,固体,名詞,一般,*,*,固体,38
666,0,材料,名詞,一般,*,*,材料,38
668,0,状態図,名詞,固有名詞,一般,*,状態図,41
670,0,考え方,名詞,一般,*,*,考え方,38
672,0,理解,名詞,サ変接続,*,*,理解,36
677,0,応用化学,名詞,固有名詞,一般,*,応用化学,41
678,0,分野,名詞,一般,*,*,分野,38
680,0,活用,名詞,サ変接続,*,*,活用,36
684,0,ため,名詞,非自立,副詞可能,*,ため,66
686,0,基礎,名詞,一般,*,*,基礎,38
688,0,築く,動詞,自立,*,*,築く,31
691,0,目的,名詞,一般,*,*,目的,38
698,0,材料,名詞,一般,*,*,材料,38
699,0,強度,名詞,一般,*,*,強度,38
701,0,劣化,名詞,サ変接続,*,*,劣化,36
703,0,基礎,名詞,一般,*,*,基礎,38
705,0,理解,名詞,サ変接続,*,*,理解,36
707,0,身,名詞,一般,*,*,身,38
709,0,つけ,動詞,自立,*,*,つける,31
1,0,到達,名詞,サ変接続,*,*,到達,36
2,0,目標,名詞,一般,*,*,目標,38
6,0,講義,名詞,サ変接続,*,*,講義,36
8,0,履修,名詞,サ変接続,*,*,履修,36
13,0,無機,名詞,一般,*,*,無機,38
14,0,材料,名詞,一般,*,*,材料,38
16,0,有機,名詞,一般,*,*,有機,38
17,0,材料,名詞,一般,*,*,材料,38
19,0,金属,名詞,一般,*,*,金属,38
20,0,材料,名詞,一般,*,*,材料,38
22,0,扱う,動詞,自立,*,*,扱う,31
23,0,ため,名詞,非自立,副詞可能,*,ため,66
25,0,基礎的,名詞,固有名詞,一般,*,基礎的,41
26,0,事項,名詞,一般,*,*,事項,38
29,0,固体,名詞,一般,*,*,固体,38
31,0,結晶構造,名詞,固有名詞,一般,*,結晶構造,41
33,0,固体,名詞,一般,*,*,固体,38
34,0,材料,名詞,一般,*,*,材料,38
36,0,相,名詞,一般,*,*,相,38
37,0,図,名詞,接尾,一般,*,図,51
39,0,状態図,名詞,固有名詞,一般,*,状態図,41
41,0,理解,名詞,サ変接続,*,*,理解,36
45,0,金属,名詞,一般,*,*,金属,38
46,0,腐食,名詞,サ変接続,*,*,腐食,36
48,0,中心,名詞,一般,*,*,中心,38
51,0,材料,名詞,一般,*,*,材料,38
52,0,劣化,名詞,サ変接続,*,*,劣化,36
54,0,基礎,名詞,一般,*,*,基礎,38
56,0,理解,名詞,サ変接続,*,*,理解,36
60,0,到達,名詞,サ変接続,*,*,到達,36
61,0,目標,名詞,一般,*,*,目標,38
68,0,結晶構造,名詞,固有名詞,一般,*,結晶構造,41
70,0,状態,名詞,一般,*,*,状態,38
71,0,図,名詞,接尾,一般,*,図,51
73,0,理解,名詞,サ変接続,*,*,理解,36
75,0,基づい,動詞,自立,*,*,基づく,31
78,0,材料,名詞,一般,*,*,材料,38
80,0,理論,名詞,一般,*,*,理論,38
81,0,強度,名詞,一般,*,*,強度,38
83,0,強化,名詞,サ変接続,*,*,強化,36
84,0,法,名詞,接尾,一般,*,法,51
86,0,劣化,名詞,サ変接続,*,*,劣化,36
89,0,防止,名詞,サ変接続,*,*,防止,36
91,0,考え方,名詞,一般,*,*,考え方,38
93,0,習得,名詞,サ変接続,*,*,習得,36
96,0,応用化学,名詞,固有名詞,一般,*,応用化学,41
98,0,分野,名詞,一般,*,*,分野,38
100,0,創製,名詞,サ変接続,*,*,創製,36
102,0,材料,名詞,一般,*,*,材料,38
104,0,使い,動詞,自立,*,*,使う,31
106,0,応用,名詞,サ変接続,*,*,応用,36
107,0,できる,動詞,自立,*,*,できる,31
110,0,なる,動詞,自立,*,*,なる,31
113,0,目標,名詞,一般,*,*,目標,38
119,0,テーマ,名詞,一般,*,*,テーマ,38
123,0,講義,名詞,サ変接続,*,*,講義,36
127,0,固体,名詞,一般,*,*,固体,38
129,0,結晶構造,名詞,固有名詞,一般,*,結晶構造,41
131,0,固体,名詞,一般,*,*,固体,38
132,0,材料,名詞,一般,*,*,材料,38
134,0,状態図,名詞,固有名詞,一般,*,状態図,41
136,0,考え方,名詞,一般,*,*,考え方,38
138,0,理解,名詞,サ変接続,*,*,理解,36
143,0,応用化学,名詞,固有名詞,一般,*,応用化学,41
144,0,分野,名詞,一般,*,*,分野,38
146,0,活用,名詞,サ変接続,*,*,活用,36
150,0,ため,名詞,非自立,副詞可能,*,ため,66
152,0,基礎,名詞,一般,*,*,基礎,38
154,0,築く,動詞,自立,*,*,築く,31
157,0,目的,名詞,一般,*,*,目的,38
164,0,材料,名詞,一般,*,*,材料,38
165,0,強度,名詞,一般,*,*,強度,38
167,0,劣化,名詞,サ変接続,*,*,劣化,36
169,0,基礎,名詞,一般,*,*,基礎,38
171,0,理解,名詞,サ変接続,*,*,理解,36
173,0,身,名詞,一般,*,*,身,38
175,0,つけ,動詞,自立,*,*,つける,31
179,0,到達,名詞,サ変接続,*,*,到達,36
180,0,目標,名詞,一般,*,*,目標,38
184,0,講義,名詞,サ変接続,*,*,講義,36
186,0,履修,名詞,サ変接続,*,*,履修,36
191,0,無機,名詞,一般,*,*,無機,38
192,0,材料,名詞,一般,*,*,材料,38
194,0,有機,名詞,一般,*,*,有機,38
195,0,材料,名詞,一般,*,*,材料,38
197,0,金属,名詞,一般,*,*,金属,38
198,0,材料,名詞,一般,*,*,材料,38
200,0,扱う,動詞,自立,*,*,扱う,31
201,0,ため,名詞,非自立,副詞可能,*,ため,66
203,0,基礎的,名詞,固有名詞,一般,*,基礎的,41
204,0,事項,名詞,一般,*,*,事項,38
207,0,固体,名詞,一般,*,*,固体,38
209,0,結晶構造,名詞,固有名詞,一般,*,結晶構造,41
211,0,固体,名詞,一般,*,*,固体,38
212,0,材料,名詞,一般,*,*,材料,38
214,0,相,名詞,一般,*,*,相,38
215,0,図,名詞,接尾,一般,*,図,51
217,0,状態図,名詞,固有名詞,一般,*,状態図,41
219,0,理解,名詞,サ変接続,*,*,理解,36
223,0,金属,名詞,一般,*,*,金属,38
224,0,腐食,名詞,サ変接続,*,*,腐食,36
226,0,中心,名詞,一般,*,*,中心,38
229,0,材料,名詞,一般,*,*,材料,38
230,0,劣化,名詞,サ変接続,*,*,劣化,36
232,0,基礎,名詞,一般,*,*,基礎,38
234,0,理解,名詞,サ変接続,*,*,理解,36
238,0,到達,名詞,サ変接続,*,*,到達,36
239,0,目標,名詞,一般,*,*,目標,38
246,0,結晶構造,名詞,固有名詞,一般,*,結晶構造,41
248,0,状態,名詞,一般,*,*,状態,38
249,0,図,名詞,接尾,一般,*,図,51
251,0,理解,名詞,サ変接続,*,*,理解,36
253,0,基づい,動詞,自立,*,*,基づく,31
256,0,材料,名詞,一般,*,*,材料,38
258,0,理論,名詞,一般,*,*,理論,38
259,0,強度,名詞,一般,*,*,強度,38
261,0,強化,名詞,サ変接続,*,*,強化,36
262,0,法,名詞,接尾,一般,*,法,51
264,0,劣化,名詞,サ変接続,*,*,劣化,36
267,0,防止,名詞,サ変接続,*,*,防止,36
269,0,考え方,名詞,一般,*,*,考え方,38
271,0,習得,名詞,サ変接続,*,*,習得,36
274,0,応用化学,名詞,固有名詞,一般,*,応用化学,41
276,0,分野,名詞,一般,*,*,分野,38
278,0,創製,名詞,サ変接続,*,*,創製,36
280,0,材料,名詞,一般,*,*,材料,38
282,0,使い,動詞,自立,*,*,使う,31
284,0,応用,名詞,サ変接続,*,*,応用,36
285,0,できる,動詞,自立,*,*,できる,31
288,0,なる,動詞,自立,*,*,なる,31
291,0,目標,名詞,一般,*,*,目標,38
297,0,テーマ,名詞,一般,*,*,テーマ,38
301,0,講義,名詞,サ変接続,*,*,講義,36
305,0,固体,名詞,一般,*,*,固体,38
307,0,結晶構造,名詞,固有名詞,一般,*,結晶構造,41
309,0,固体,名詞,一般,*,*,固体,38
310,0,材料,名詞,一般,*,*,材料,38
312,0,状態図,名詞,固有名詞,一般,*,状態図,41
314,0,考え方,名詞,一般,*,*,考え方,38
316,0,理解,名詞,サ変接続,*,*,理解,36
321,0,応用化学,名詞,固有名詞,一般,*,応用化学,41
322,0,分野,名詞,一般,*,*,分野,38
324,0,活用,名詞,サ変接続,*,*,活用,36
328,0,ため,名詞,非自立,副詞可能,*,ため,66
330,0,基礎,名詞,一般,*,*,基礎,38
332,0,築く,動詞,自立,*,*,築く,31
335,0,目的,名詞,一般,*,*,目的,38
342,0,材料,名詞,一般,*,*,材料,38
343,0,強度,名詞,一般,*,*,強度,38
345,0,劣化,名詞,サ変接続,*,*,劣化,36
347,0,基礎,名詞,一般,*,*,基礎,38
349,0,理解,名詞,サ変接続,*,*,理解,36
351,0,身,名詞,一般,*,*,身,38
353,0,つけ,動詞,自立,*,*,つける,31
357,0,到達,名詞,サ変接続,*,*,到達,36
358,0,目標,名詞,一般,*,*,目標,38
362,0,講義,名詞,サ変接続,*,*,講義,36
364,0,履修,名詞,サ変接続,*,*,履修,36
369,0,無機,名詞,一般,*,*,無機,38
370,0,材料,名詞,一般,*,*,材料,38
372,0,有機,名詞,一般,*,*,有機,38
373,0,材料,名詞,一般,*,*,材料,38
375,0,金属,名詞,一般,*,*,金属,38
376,0,材料,名詞,一般,*,*,材料,38
378,0,扱う,動詞,自立,*,*,扱う,31
379,0,ため,名詞,非自立,副詞可能,*,ため,66
381,0,基礎的,名詞,固有名詞,一般,*,基礎的,41
382,0,事項,名詞,一般,*,*,事項,38
385,0,固体,名詞,一般,*,*,固体,38
387,0,結晶構造,名詞,固有名詞,一般,*,結晶構造,41
389,0,固体,名詞,一般,*,*,固体,38
390,0,材料,名詞,一般,*,*,材料,38
392,0,相,名詞,一般,*,*,相,38
393,0,図,名詞,接尾,一般,*,図,51
395,0,状態図,名詞,固有名詞,一般,*,状態図,41
397,0,理解,名詞,サ変接続,*,*,理解,36
401,0,金属,名詞,一般,*,*,金属,38
402,0,腐食,名詞,サ変接続,*,*,腐食,36
404,0,中心,名詞,一般,*,*,中心,38
407,0,材料,名詞,一般,*,*,材料,38
408,0,劣化,名詞,サ変接続,*,*,劣化,36
410,0,基礎,名詞,一般,*,*,基礎,38
412,0,理解,名詞,サ変接続,*,*,理解,36
416,0,到達,名詞,サ変接続,*,*,到達,36
417,0,目標,名詞,一般,*,*,目標,38
424,0,結晶構造,名詞,固有名詞,一般,*,結晶構造,41
426,0,状態,名詞,一般,*,*,状態,38
427,0,図,名詞,接尾,一般,*,図,51
429,0,理解,名詞,サ変接続,*,*,理解,36
431,0,基づい,動詞,自立,*,*,基づく,31
434,0,材料,名詞,一般,*,*,材料,38
436,0,理論,名詞,一般,*,*,理論,38
437,0,強度,名詞,一般,*,*,強度,38
439,0,強化,名詞,サ変接続,*,*,強化,36
440,0,法,名詞,接尾,一般,*,法,51
442,0,劣化,名詞,サ変接続,*,*,劣化,36
445,0,防止,名詞,サ変接続,*,*,防止,36
447,0,考え方,名詞,一般,*,*,考え方,38
449,0,習得,名詞,サ変接続,*,*,習得,36
452,0,応用化学,名詞,固有名詞,一般,*,応用化学,41
454,0,分野,名詞,一般,*,*,分野,38
456,0,創製,名詞,サ変接続,*,*,創製,36
458,0,材料,名詞,一般,*,*,材料,38
460,0,使い,動詞,自立,*,*,使う,31
462,0,応用,名詞,サ変接続,*,*,応用,36
463,0,できる,動詞,自立,*,*,できる,31
466,0,なる,動詞,自立,*,*,なる,31
469,0,目標,名詞,一般,*,*,目標,38
475,0,テーマ,名詞,一般,*,*,テーマ,38
479,0,講義,名詞,サ変接続,*,*,講義,36
483,0,固体,名詞,一般,*,*,固体,38
485,0,結晶構造,名詞,固有名詞,一般,*,結晶構造,41
487,0,固体,名詞,一般,*,*,固体,38
488,0,材料,名詞,一般,*,*,材料,38
490,0,状態図,名詞,固有名詞,一般,*,状態図,41
492,0,考え方,名詞,一般,*,*,考え方,38
494,0,理解,名詞,サ変接続,*,*,理解,36
499,0,応用化学,名詞,固有名詞,一般,*,応用化学,41
500,0,分野,名詞,一般,*,*,分野,38
502,0,活用,名詞,サ変接続,*,*,活用,36
506,0,ため,名詞,非自立,副詞可能,*,ため,66
508,0,基礎,名詞,一般,*,*,基礎,38
510,0,築く,動詞,自立,*,*,築く,31
513,0,目的,名詞,一般,*,*,目的,38
520,0,材料,名詞,一般,*,*,材料,38
521,0,強度,名詞,一般,*,*,強度,38
523,0,劣化,名詞,サ変接続,*,*,劣化,36
525,0,基礎,名詞,一般,*,*,基礎,38
527,0,理解,名詞,サ変接続,*,*,理解,36
529,0,身,名詞,一般,*,*,身,38
531,0,つけ,動詞,自立,*,*,つける,31
535,0,到達,名詞,サ変接続,*,*,到達,36
536,0,目標,名詞,一般,*,*,目標,38
540,0,講義,名詞,サ変接続,*,*,講義,36
542,0,履修,名詞,サ変接続,*,*,履修,36
547,0,無機,名詞,一般,*,*,無機,38
548,0,材料,名詞,一般,*,*,材料,38
550,0,有機,名詞,一般,*,*,有機,38
551,0,材料,名詞,一般,*,*,材料,38
553,0,金属,名詞,一般,*,*,金属,38
554,0,材料,名詞,一般,*,*,材料,38
556,0,扱う,動詞,自立,*,*,扱う,31
557,0,ため,名詞,非自立,副詞可能,*,ため,66
559,0,基礎的,名詞,固有名詞,一般,*,基礎的,41
560,0,事項,名詞,一般,*,*,事項,38
563,0,固体,名詞,一般,*,*,固体,38
565,0,結晶構造,名詞,固有名詞,一般,*,結晶構造,41
567,0,固体,名詞,一般,*,*,固体,38
568,0,材料,名詞,一般,*,*,材料,38
570,0,相,名詞,一般,*,*,相,38
571,0,図,名詞,接尾,一般,*,図,51
573,0,状態図,名詞,固有名詞,一般,*,状態図,41
575,0,理解,名詞,サ変接続,*,*,理解,36
579,0,金属,名詞,一般,*,*,金属,38
580,0,腐食,名詞,サ変接続,*,*,腐食,36
582,0,中心,名詞,一般,*,*,中心,38
585,0,材料,名詞,一般,*,*,材料,38
586,0,劣化,名詞,サ変接続,*,*,劣化,36
588,0,基礎,名詞,一般,*,*,基礎,38
590,0,理解,名詞,サ変接続,*,*,理解,36
594,0,到達,名詞,サ変接続,*,*,到達,36
595,0,目標,名詞,一般,*,*,目標,38
602,0,結晶構造,名詞,固有名詞,一般,*,結晶構造,41
604,0,状態,名詞,一般,*,*,状態,38
605,0,図,名詞,接尾,一般,*,図,51
607,0,理解,名詞,サ変接続,*,*,理解,36
609,0,基づい,動詞,自立,*,*,基づく,31
612,0,材料,名詞,一般,*,*,材料,38
614,0,理論,名詞,一般,*,*,理論,38
615,0,強度,名詞,一般,*,*,強度,38
617,0,強化,名詞,サ変接続,*,*,強化,36
618,0,法,名詞,接尾,一般,*,法,51
620,0,劣化,名詞,サ変接続,*,*,劣化,36
623,0,防止,名詞,サ変接続,*,*,防止,36
625,0,考え方,名詞,一般,*,*,考え方,38
627,0,習得,名詞,サ変接続,*,*,習得,36
630,0,応用化学,名詞,固有名詞,一般,*,応用化学,41
632,0,分野,名詞,一般,*,*,分野,38
634,0,創製,名詞,サ変接続,*,*,創製,36
636,0,材料,名詞,一般,*,*,材料,38
638,0,使い,動詞,自立,*,*,使う,31
640,0,応用,名詞,サ変接続,*,*,応用,36
641,0,できる,動詞,自立,*,*,できる,31
644,0,なる,動詞,自立,*,*,なる,31
647,0,目標,名詞,一般,*,*,目標,38
653,0,テーマ,名詞,一般,*,*,テーマ,38
657,0,講義,名詞,サ変接続,*,*,講義,36
661,0,固体,名詞,一般,*,*,固体,38
663,0,結晶構造,名詞,固有名詞,一般,*,結晶構造,41
665,0,固体,名詞,一般,*,*,固体,38
666,0,材料,名詞,一般,*,*,材料,38
668,0,状態図,名詞,固有名詞,一般,*,状態図,41
670,0,考え方,名詞,一般,*,*,考え方,38
672,0,理解,名詞,サ変接続,*,*,理解,36
677,0,応用化学,名詞,固有名詞,一般,*,応用化学,41
678,0,分野,名詞,一般,*,*,分野,38
680,0,活用,名詞,サ変接続,*,*,活用,36
684,0,ため,名詞,非自立,副詞可能,*,ため,66
686,0,基礎,名詞,一般,*,*,基礎,38
688,0,築く,動詞,自立,*,*,築く,31
691,0,目的,名詞,一般,*,*,目的,38
698,0,材料,名詞,一般,*,*,材料,38
699,0,強度,名詞,一般,*,*,強度,38
701,0,劣化,名詞,サ変接続,*,*,劣化,36
703,0,基礎,名詞,一般,*,*,基礎,38
705,0,理解,名詞,サ変接続,*,*,理解,36
707,0,身,名詞,一般,*,*,身,38
709,0,つけ,動詞,自立,*,*,つける,31
1,0,到達,名詞,サ変接続,*,*,到達,36
2,0,目標,名詞,一般,*,*,目標,38
6,0,講義,名詞,サ変接続,*,*,講義,36
8,0,履修,名詞,サ変接続,*,*,履修,36
13,0,無機,名詞,一般,*,*,無機,38
14,0,材料,名詞,一般,*,*,材料,38
16,0,有機,名詞,一般,*,*,有機,38
17,0,材料,名詞,一般,*,*,材料,38
19,0,金属,名詞,一般,*,*,金属,38
20,0,材料,名詞,一般,*,*,材料,38
22,0,扱う,動詞,自立,*,*,扱う,31
23,0,ため,名詞,非自立,副詞可能,*,ため,66
25,0,基礎的,名詞,固有名詞,一般,*,基礎的,41
26,0,事項,名詞,一般,*,*,事項,38
29,0,固体,名詞,一般,*,*,固体,38
31,0,結晶構造,名詞,固有名詞,一般,*,結晶構造,41
33,0,固体,名詞,一般,*,*,固体,38
34,0,材料,名詞,一般,*,*,材料,38
36,0,相,名詞,一般,*,*,相,38
37,0,図,名詞,接尾,一般,*,図,51
39,0,状態図,名詞,固有名詞,一般,*,状態図,41
41,0,理解,名詞,サ変接続,*,*,理解,36
45,0,金属,名詞,一般,*,*,金属,38
46,0,腐食,名詞,サ変接続,*,*,腐食,36
48,0,中心,名詞,一般,*,*,中心,38
51,0,材料,名詞,一般,*,*,材料,38
52,0,劣化,名詞,サ変接続,*,*,劣化,36
54,0,基礎,名詞,一般,*,*,基礎,38
56,0,理解,名詞,サ変接続,*,*,理解,36
60,0,到達,名詞,サ変接続,*,*,到達,36
61,0,目標,名詞,一般,*,*,目標,38
68,0,結晶構造,名詞,固有名詞,一般,*,結晶構造,41
70,0,状態,名詞,一般,*,*,状態,38
71,0,図,名詞,接尾,一般,*,図,51
73,0,理解,名詞,サ変接続,*,*,理解,36
75,0,基づい,動詞,自立,*,*,基づく,31
78,0,材料,名詞,一般,*,*,材料,38
80,0,理論,名詞,一般,*,*,理論,38
81,0,強度,名詞,一般,*,*,強度,38
83,0,強化,名詞,サ変接続,*,*,強化,36
84,0,法,名詞,接尾,一般,*,法,51
86,0,劣化,名詞,サ変接続,*,*,劣化,36
89,0,防止,名詞,サ変接続,*,*,防止,36
91,0,考え方,名詞,一般,*,*,考え方,38
93,0,習得,名詞,サ変接続,*,*,習得,36
96,0,応用化学,名詞,固有名詞,一般,*,応用化学,41
98,0,分野,名詞,一般,*,*,分野,38
100,0,創製,名詞,サ変接続,*,*,創製,36
102,0,材料,名詞,一般,*,*,材料,38
104,0,使い,動詞,自立,*,*,使う,31
106,0,応用,名詞,サ変接続,*,*,応用,36
107,0,できる,動詞,自立,*,*,できる,31
110,0,なる,動詞,自立,*,*,なる,31
113,0,目標,名詞,一般,*,*,目標,38
119,0,テーマ,名詞,一般,*,*,テーマ,38
123,0,講義,名詞,サ変接続,*,*,講義,36
127,0,固体,名詞,一般,*,*,固体,38
129,0,結晶構造,名詞,固有名詞,一般,*,結晶構造,41
131,0,固体,名詞,一般,*,*,固体,38
132,0,材料,名詞,一般,*,*,材料,38
134,0,状態図,名詞,固有名詞,一般,*,状態図,41
136,0,考え方,名詞,一般,*,*,考え方,38
138,0,理解,名詞,サ変接続,*,*,理解,36
143,0,応用化学,名詞,固有名詞,一般,*,応用化学,41
144,0,分野,名詞,一般,*,*,分野,38
146,0,活用,名詞,サ変接続,*,*,活用,36
150,0,ため,名詞,非自立,副詞可能,*,ため,66
152,0,基礎,名詞,一般,*,*,基礎,38
154,0,築く,動詞,自立,*,*,築く,31
157,0,目的,名詞,一般,*,*,目的,38
164,0,材料,名詞,一般,*,*,材料,38
165,0,強度,名詞,一般,*,*,強度,38
167,0,劣化,名詞,サ変接続,*,*,劣化,36
169,0,基礎,名詞,一般,*,*,基礎,38
171,0,理解,名詞,サ変接続,*,*,理解,36
173,0,身,名詞,一般,*,*,身,38
175,0,つけ,動詞,自立,*,*,つける,31
179,0,到達,名詞,サ変接続,*,*,到達,36
180,0,目標,名詞,一般,*,*,目標,38
184,0,講義,名詞,サ変接続,*,*,講義,36
186,0,履修,名詞,サ変接続,*,*,履修,36
191,0,無機,名詞,一般,*,*,無機,38
192,0,材料,名詞,一般,*,*,材料,38
194,0,有機,名詞,一般,*,*,有機,38
195,0,材料,名詞,一般,*,*,材料,38
197,0,金属,名詞,一般,*,*,金属,38
198,0,材料,名詞,一般,*,*,材料,38
200,0,扱う,動詞,自立,*,*,扱う,31
201,0,ため,名詞,非自立,副詞可能,*,ため,66
203,0,基礎的,名詞,固有名詞,一般,*,基礎的,41
204,0,事項,名詞,一般,*,*,事項,38
207,0,固体,名詞,一般,*,*,固体,38
209,0,結晶構造,名詞,固有名詞,一般,*,結晶構造,41
211,0,固体,名詞,一般,*,*,固体,38
212,0,材料,名詞,一般,*,*,材料,38
214,0,相,名詞,一般,*,*,相,38
215,0,図,名詞,接尾,一般,*,図,51
217,0,状態図,名詞,固有名詞,一般,*,状態図,41
219,0,理解,名詞,サ変接続,*,*,理解,36
223,0,金属,名詞,一般,*,*,金属,38
224,0,腐食,名詞,サ変接続,*,*,腐食,36
226,0,中心,名詞,一般,*,*,中心,38
229,0,材料,名詞,一般,*,*,材料,38
230,0,劣化,名詞,サ変接続,*,*,劣化,36
232,0,基礎,名詞,一般,*,*,基礎,38
234,0,理解,名詞,サ変接続,*,*,理解,36
238,0,到達,名詞,サ変接続,*,*,到達,36
239,0,目標,名詞,一般,*,*,目標,38
246,0,結晶構造,名詞,固有名詞,一般,*,結晶構造,41
248,0,状態,名詞,一般,*,*,状態,38
249,0,図,名詞,接尾,一般,*,図,51
251,0,理解,名詞,サ変接続,*,*,理解,36
253,0,基づい,動詞,自立,*,*,基づく,31
256,0,材料,名詞,一般,*,*,材料,38
258,0,理論,名詞,一般,*,*,理論,38
259,0,強度,名詞,一般,*,*,強度,38
261,0,強化,名詞,サ変接続,*,*,強化,36
262,0,法,名詞,接尾,一般,*,法,51
264,0,劣化,名詞,サ変接続,*,*,劣化,36
267,0,防止,名詞,サ変接続,*,*,防止,36
269,0,考え方,名詞,一般,*,*,考え方,38
271,0,習得,名詞,サ変接続,*,*,習得,36
274,0,応用化学,名詞,固有名詞,一般,*,応用化学,41
276,0,分野,名詞,一般,*,*,分野,38
278,0,創製,名詞,サ変接続,*,*,創製,36
280,0,材料,名詞,一般,*,*,材料,38
282,0,使い,動詞,自立,*,*,使う,31
284,0,応用,名詞,サ変接続,*,*,応用,36
285,0,できる,動詞,自立,*,*,できる,31
288,0,なる,動詞,自立,*,*,なる,31
291,0,目標,名詞,一般,*,*,目標,38
297,0,テーマ,名詞,一般,*,*,テーマ,38
301,0,講義,名詞,サ変接続,*,*,講義,36
305,0,固体,名詞,一般,*,*,固体,38
307,0,結晶構造,名詞,固有名詞,一般,*,結晶構造,41
309,0,固体,名詞,一般,*,*,固体,38
310,0,材料,名詞,一般,*,*,材料,38
312,0,状態図,名詞,固有名詞,一般,*,状態図,41
314,0,考え方,名詞,一般,*,*,考え方,38
316,0,理解,名詞,サ変接続,*,*,理解,36
321,0,応用化学,名詞,固有名詞,一般,*,応用化学,41
322,0,分野,名詞,一般,*,*,分野,38
324,0,活用,名詞,サ変接続,*,*,活用,36
328,0,ため,名詞,非自立,副詞可能,*,ため,66
330,0,基礎,名詞,一般,*,*,基礎,38
332,0,築く,動詞,自立,*,*,築く,31
335,0,目的,名詞,一般,*,*,目的,38
342,0,材料,名詞,一般,*,*,材料,38
343,0,強度,名詞,一般,*,*,強度,38
345,0,劣化,名詞,サ変接続,*,*,劣化,36
347,0,基礎,名詞,一般,*,*,基礎,38
349,0,理解,名詞,サ変接続,*,*,理解,36
351,0,身,名詞,一般,*,*,身,38
353,0,つけ,動詞,自立,*,*,つける,31
357,0,到達,名詞,サ変接続,*,*,到達,36
358,0,目標,名詞,一般,*,*,目標,38
362,0,講義,名詞,サ変接続,*,*,講義,36
364,0,履修,名詞,サ変接続,*,*,履修,36
369,0,無機,名詞,一般,*,*,無機,38
370,0,材料,名詞,一般,*,*,材料,38
372,0,有機,名詞,一般,*,*,有機,38
373,0,材料,名詞,一般,*,*,材料,38
375,0,金属,名詞,一般,*,*,金属,38
376,0,材料,名詞,一般,*,*,材料,38
378,0,扱う,動詞,自立,*,*,扱う,31
379,0,ため,名詞,非自立,副詞可能,*,ため,66
381,0,基礎的,名詞,固有名詞,一般,*,基礎的,41
382,0,事項,名詞,一般,*,*,事項,38
385,0,固体,名詞,一般,*,*,固体,38
387,0,結晶構造,名詞,固有名詞,一般,*,結晶構造,41
389,0,固体,名詞,一般,*,*,固体,38
390,0,材料,名詞,一般,*,*,材料,38
392,0,相,名詞,一般,*,*,相,38
393,0,図,名詞,接尾,一般,*,図,51
395,0,状態図,名詞,固有名詞,一般,*,状態図,41
397,0,理解,名詞,サ変接続,*,*,理解,36
401,0,金属,名詞,一般,*,*,金属,38
402,0,腐食,名詞,サ変接続,*,*,腐食,36
404,0,中心,名詞,一般,*,*,中心,38
407,0,材料,名詞,一般,*,*,材料,38
408,0,劣化,名詞,サ変接続,*,*,劣化,36
410,0,基礎,名詞,一般,*,*,基礎,38
412,0,理解,名詞,サ変接続,*,*,理解,36
416,0,到達,名詞,サ変接続,*,*,到達,36
417,0,目標,名詞,一般,*,*,目標,38
424,0,結晶構造,名詞,固有名詞,一般,*,結晶構造,41
426,0,状態,名詞,一般,*,*,状態,38
427,0,図,名詞,接尾,一般,*,図,51
429,0,理解,名詞,サ変接続,*,*,理解,36
431,0,基づい,動詞,自立,*,*,基づく,31
434,0,材料,名詞,一般,*,*,材料,38
436,0,理論,名詞,一般,*,*,理論,38
437,0,強度,名詞,一般,*,*,強度,38
439,0,強化,名詞,サ変接続,*,*,強化,36
440,0,法,名詞,接尾,一般,*,法,51
442,0,劣化,名詞,サ変接続,*,*,劣化,36
445,0,防止,名詞,サ変接続,*,*,防止,36
447,0,考え方,名詞,一般,*,*,考え方,38
449,0,習得,名詞,サ変接続,*,*,習得,36
452,0,応用化学,名詞,固有名詞,一般,*,応用化学,41
454,0,分野,名詞,一般,*,*,分野,38
456,0,創製,名詞,サ変接続,*,*,創製,36
458,0,材料,名詞,一般,*,*,材料,38
460,0,使い,動詞,自立,*,*,使う,31
462,0,応用,名詞,サ変接続,*,*,応用,36
463,0,できる,動詞,自立,*,*,できる,31
466,0,なる,動詞,自立,*,*,なる,31
469,0,目標,名詞,一般,*,*,目標,38
475,0,テーマ,名詞,一般,*,*,テーマ,38
479,0,講義,名詞,サ変接続,*,*,講義,36
483,0,固体,名詞,一般,*,*,固体,38
485,0,結晶構造,名詞,固有名詞,一般,*,結晶構造,41
487,0,固体,名詞,一般,*,*,固体,38
488,0,材料,名詞,一般,*,*,材料,38
490,0,状態図,名詞,固有名詞,一般,*,状態図,41
492,0,考え方,名詞,一般,*,*,考え方,38
494,0,理解,名詞,サ変接続,*,*,理解,36
499,0,応用化学,名詞,固有名詞,一般,*,応用化学,41
500,0,分野,名詞,一般,*,*,分野,38
502,0,活用,名詞,サ変接続,*,*,活用,36
506,0,ため,名詞,非自立,副詞可能,*,ため,66
508,0,基礎,名詞,一般,*,*,基礎,38
510,0,築く,動詞,自立,*,*,築く,31
513,0,目的,名詞,一般,*,*,目的,38
520,0,材料,名詞,一般,*,*,材料,38
521,0,強度,名詞,一般,*,*,強度,38
523,0,劣化,名詞,サ変接続,*,*,劣化,36
525,0,基礎,名詞,一般,*,*,基礎,38
527,0,理解,名詞,サ変接続,*,*,理解,36
529,0,身,名詞,一般,*,*,身,38
531,0,つけ,動詞,自立,*,*,つける,31
535,0,到達,名詞,サ変接続,*,*,到達,36
536,0,目標,名詞,一般,*,*,目標,38
540,0,講義,名詞,サ変接続,*,*,講義,36
542,0,履修,名詞,サ変接続,*,*,履修,36
547,0,無機,名詞,一般,*,*,無機,38
548,0,材料,名詞,一般,*,*,材料,38
550,0,有機,名詞,一般,*,*,有機,38
551,0,材料,名詞,一般,*,*,材料,38
553,0,金属,名詞,一般,*,*,金属,38
554,0,材料,名詞,一般,*,*,材料,38
556,0,扱う,動詞,自立,*,*,扱う,31
557,0,ため,名詞,非自立,副詞可能,*,ため,66
559,0,基礎的,名詞,固有名詞,一般,*,基礎的,41
560,0,事項,名詞,一般,*,*,事項,38
563,0,固体,名詞,一般,*,*,固体,38
565,0,結晶構造,名詞,固有名詞,一般,*,結晶構造,41
567,0,固体,名詞,一般,*,*,固体,38
568,0,材料,名詞,一般,*,*,材料,38
570,0,相,名詞,一般,*,*,相,38
571,0,図,名詞,接尾,一般,*,図,51
573,0,状態図,名詞,固有名詞,一般,*,状態図,41
575,0,理解,名詞,サ変接続,*,*,理解,36
579,0,金属,名詞,一般,*,*,金属,38
580,0,腐食,名詞,サ変接続,*,*,腐食,36
582,0,中心,名詞,一般,*,*,中心,38
585,0,材料,名詞,一般,*,*,材料,38
586,0,劣化,名詞,サ変接続,*,*,劣化,36
588,0,基礎,名詞,一般,*,*,基礎,38
590,0,理解,名詞,サ変接続,*,*,理解,36
594,0,到達,名詞,サ変接続,*,*,到達,36
595,0,目標,名詞,一般,*,*,目標,38
602,0,結晶構造,名詞,固有名詞,一般,*,結晶構造,41
604,0,状態,名詞,一般,*,*,状態,38
605,0,図,名詞,接尾,一般,*,図,51
607,0,理解,名詞,サ変接続,*,*,理解,36
609,0,基づい,動詞,自立,*,*,基づく,31
612,0,材料,名詞,一般,*,*,材料,38
614,0,理論,名詞,一般,*,*,理論,38
615,0,強度,名詞,一般,*,*,強度,38
617,0,強化,名詞,サ変接続,*,*,強化,36
618,0,法,名詞,接尾,一般,*,法,51
620,0,劣化,名詞,サ変接続,*,*,劣化,36
623,0,防止,名詞,サ変接続,*,*,防止,36
625,0,考え方,名詞,一般,*,*,考え方,38
627,0,習得,名詞,サ変接続,*,*,習得,36
630,0,応用化学,名詞,固有名詞,一般,*,応用化学,41
632,0,分野,名詞,一般,*,*,分野,38
634,0,創製,名詞,サ変接続,*,*,創製,36
636,0,材料,名詞,一般,*,*,材料,38
638,0,使い,動詞,自立,*,*,使う,31
640,0,応用,名詞,サ変接続,*,*,応用,36
641,0,できる,動詞,自立,*,*,できる,31
644,0,なる,動詞,自立,*,*,なる,31
647,0,目標,名詞,一般,*,*,目標,38
653,0,テーマ,名詞,一般,*,*,テーマ,38
657,0,講義,名詞,サ変接続,*,*,講義,36
661,0,固体,名詞,一般,*,*,固体,38
663,0,結晶構造,名詞,固有名詞,一般,*,結晶構造,41
665,0,固体,名詞,一般,*,*,固体,38
666,0,材料,名詞,一般,*,*,材料,38
668,0,状態図,名詞,固有名詞,一般,*,状態図,41
670,0,考え方,名詞,一般,*,*,考え方,38
672,0,理解,名詞,サ変接続,*,*,理解,36
677,0,応用化学,名詞,固有名詞,一般,*,応用化学,41
678,0,分野,名詞,一般,*,*,分野,38
680,0,活用,名詞,サ変接続,*,*,活用,36
684,0,ため,名詞,非自立,副詞可能,*,ため,66
686,0,基礎,名詞,一般,*,*,基礎,38
688,0,築く,動詞,自立,*,*,築く,31
691,0,目的,名詞,一般,*,*,目的,38
698,0,材料,名詞,一般,*,*,材料,38
699,0,強度,名詞,一般,*,*,強度,38
701,0,劣化,名詞,サ変接続,*,*,劣化,36
703,0,基礎,名詞,一般,*,*,基礎,38
705,0,理解,名詞,サ変接続,*,*,理解,36
707,0,身,名詞,一般,*,*,身,38
709,0,つけ,動詞,自立,*,*,つける,31
1,0,到達,名詞,サ変接続,*,*,到達,36
2,0,目標,名詞,一般,*,*,目標,38
6,0,講義,名詞,サ変接続,*,*,講義,36
8,0,履修,名詞,サ変接続,*,*,履修,36
13,0,無機,名詞,一般,*,*,無機,38
14,0,材料,名詞,一般,*,*,材料,38
16,0,有機,名詞,一般,*,*,有機,38
17,0,材料,名詞,一般,*,*,材料,38
19,0,金属,名詞,一般,*,*,金属,38
20,0,材料,名詞,一般,*,*,材料,38
22,0,扱う,動詞,自立,*,*,扱う,31
23,0,ため,名詞,非自立,副詞可能,*,ため,66
25,0,基礎的,名詞,固有名詞,一般,*,基礎的,41
26,0,事項,名詞,一般,*,*,事項,38
29,0,固体,名詞,一般,*,*,固体,38
31,0,結晶構造,名詞,固有名詞,一般,*,結晶構造,41
33,0,固体,名詞,一般,*,*,固体,38
34,0,材料,名詞,一般,*,*,材料,38
36,0,相,名詞,一般,*,*,相,38
37,0,図,名詞,接尾,一般,*,図,51
39,0,状態図,名詞,固有名詞,一般,*,状態図,41
41,0,理解,名詞,サ変接続,*,*,理解,36
45,0,金属,名詞,一般,*,*,金属,38
46,0,腐食,名詞,サ変接続,*,*,腐食,36
48,0,中心,名詞,一般,*,*,中心,38
51,0,材料,名詞,一般,*,*,材料,38
52,0,劣化,名詞,サ変接続,*,*,劣化,36
54,0,基礎,名詞,一般,*,*,基礎,38
56,0,理解,名詞,サ変接続,*,*,理解,36
60,0,到達,名詞,サ変接続,*,*,到達,36
61,0,目標,名詞,一般,*,*,目標,38
68,0,結晶構造,名詞,固有名詞,一般,*,結晶構造,41
70,0,状態,名詞,一般,*,*,状態,38
71,0,図,名詞,接尾,一般,*,図,51
73,0,理解,名詞,サ変接続,*,*,理解,36
75,0,基づい,動詞,自立,*,*,基づく,31
78,0,材料,名詞,一般,*,*,材料,38
80,0,理論,名詞,一般,*,*,理論,38
81,0,強度,名詞,一般,*,*,強度,38
83,0,強化,名詞,サ変接続,*,*,強化,36
84,0,法,名詞,接尾,一般,*,法,51
86,0,劣化,名詞,サ変接続,*,*,劣化,36
89,0,防止,名詞,サ変接続,*,*,防止,36
91,0,考え方,名詞,一般,*,*,考え方,38
93,0,習得,名詞,サ変接続,*,*,習得,36
96,0,応用化学,名詞,固有名詞,一般,*,応用化学,41
98,0,分野,名詞,一般,*,*,分野,38
100,0,創製,名詞,サ変接続,*,*,創製,36
102,0,材料,名詞,一般,*,*,材料,38
104,0,使い,動詞,自立,*,*,使う,31
106,0,応用,名詞,サ変接続,*,*,応用,36
107,0,できる,動詞,自立,*,*,できる,31
110,0,なる,動詞,自立,*,*,なる,31
113,0,目標,名詞,一般,*,*,目標,38
119,0,テーマ,名詞,一般,*,*,テーマ,38
123,0,講義,名詞,サ変接続,*,*,講義,36
127,0,固体,名詞,一般,*,*,固体,38
129,0,結晶構造,名詞,固有名詞,一般,*,結晶構造,41
131,0,固体,名詞,一般,*,*,固体,38
132,0,材料,名詞,一般,*,*,材料,38
134,0,状態図,名詞,固有名詞,一般,*,状態図,41
136,0,考え方,名詞,一般,*,*,考え方,38
138,0,理解,名詞,サ変接続,*,*,理解,36
143,0,応用化学,名詞,固有名詞,一般,*,応用化学,41
144,0,分野,名詞,一般,*,*,分野,38
146,0,活用,名詞,サ変接続,*,*,活用,36
150,0,ため,名詞,非自立,副詞可能,*,ため,66
152,0,基礎,名詞,一般,*,*,基礎,38
154,0,築く,動詞,自立,*,*,築く,31
157,0,目的,名詞,一般,*,*,目的,38
164,0,材料,名詞,一般,*,*,材料,38
165,0,強度,名詞,一般,*,*,強度,38
167,0,劣化,名詞,サ変接続,*,*,劣化,36
169,0,基礎,名詞,一般,*,*,基礎,38
171,0,理解,名詞,サ変接続,*,*,理解,36
173,0,身,名詞,一般,*,*,身,38
175,0,つけ,動詞,自立,*,*,つける,31
179,0,到達,名詞,サ変接続,*,*,到達,36
180,0,目標,名詞,一般,*,*,目標,38
184,0,講義,名詞,サ変接続,*,*,講義,36
186,0,履修,名詞,サ変接続,*,*,履修,36
191,0,無機,名詞,一般,*,*,無機,38
192,0,材料,名詞,一般,*,*,材料,38
194,0,有機,名詞,一般,*,*,有機,38
195,0,材料,名詞,一般,*,*,材料,38
197,0,金属,名詞,一般,*,*,金属,38
198,0,材料,名詞,一般,*,*,材料,38
200,0,扱う,動詞,自立,*,*,扱う,31
201,0,ため,名詞,非自立,副詞可能,*,ため,66
203,0,基礎的,名詞,固有名詞,一般,*,基礎的,41
204,0,事項,名詞,一般,*,*,事項,38
207,0,固体,名詞,一般,*,*,固体,38
209,0,結晶構造,名詞,固有名詞,一般,*,結晶構造,41
211,0,固体,名詞,一般,*,*,固体,38
212,0,材料,名詞,一般,*,*,材料,38
214,0,相,名詞,一般,*,*,相,38
215,0,図,名詞,接尾,一般,*,図,51
217,0,状態図,名詞,固有名詞,一般,*,状態図,41
219,0,理解,名詞,サ変接続,*,*,理解,36
223,0,金属,名詞,一般,*,*,金属,38
224,0,腐食,名詞,サ変接続,*,*,腐食,36
226,0,中心,名詞,一般,*,*,中心,38
229,0,材料,名詞,一般,*,*,材料,38
230,0,劣化,名詞,サ変接続,*,*,劣化,36
232,0,基礎,名詞,一般,*,*,基礎,38
234,0,理解,名詞,サ変接続,*,*,理解,36
238,0,到達,名詞,サ変接続,*,*,到達,36
239,0,目標,名詞,一般,*,*,目標,38
246,0,結晶構造,名詞,固有名詞,一般,*,結晶構造,41
248,0,状態,名詞,一般,*,*,状態,38
249,0,図,名詞,接尾,一般,*,図,51
251,0,理解,名詞,サ変接続,*,*,理解,36
253,0,基づい,動詞,自立,*,*,基づく,31
256,0,材料,名詞,一般,*,*,材料,38
258,0,理論,名詞,一般,*,*,理論,38
259,0,強度,名詞,一般,*,*,強度,38
261,0,強化,名詞,サ変接続,*,*,強化,36
262,0,法,名詞,接尾,一般,*,法,51
264,0,劣化,名詞,サ変接続,*,*,劣化,36
267,0,防止,名詞,サ変接続,*,*,防止,36
269,0,考え方,名詞,一般,*,*,考え方,38
271,0,習得,名詞,サ変接続,*,*,習得,36
274,0,応用化学,名詞,固有名詞,一般,*,応用化学,41
276,0,分野,名詞,一般,*,*,分野,38
278,0,創製,名詞,サ変接続,*,*,創製,36
280,0,材料,名詞,一般,*,*,材料,38
282,0,使い,動詞,自立,*,*,使う,31
284,0,応用,名詞,サ変接続,*,*,応用,36
285,0,できる,動詞,自立,*,*,できる,31
288,0,なる,動詞,自立,*,*,なる,31
291,0,目標,名詞,一般,*,*,目標,38
297,0,テーマ,名詞,一般,*,*,テーマ,38
301,0,講義,名詞,サ変接続,*,*,講義,36
305,0,固体,名詞,一般,*,*,固体,38
307,0,結晶構造,名詞,固有名詞,一般,*,結晶構造,41
309,0,固体,名詞,一般,*,*,固体,38
310,0,材料,名詞,一般,*,*,材料,38
312,0,状態図,名詞,固有名詞,一般,*,状態図,41
314,0,考え方,名詞,一般,*,*,考え方,38
316,0,理解,名詞,サ変接続,*,*,理解,36
321,0,応用化学,名詞,固有名詞,一般,*,応用化学,41
322,0,分野,名詞,一般,*,*,分野,38
324,0,活用,名詞,サ変接続,*,*,活用,36
328,0,ため,名詞,非自立,副詞可能,*,ため,66
330,0,基礎,名詞,一般,*,*,基礎,38
332,0,築く,動詞,自立,*,*,築く,31
335,0,目的,名詞,一般,*,*,目的,38
342,0,材料,名詞,一般,*,*,材料,38
343,0,強度,名詞,一般,*,*,強度,38
345,0,劣化,名詞,サ変接続,*,*,劣化,36
347,0,基礎,名詞,一般,*,*,基礎,38
349,0,理解,名詞,サ変接続,*,*,理解,36
351,0,身,名詞,一般,*,*,身,38
353,0,つけ,動詞,自立,*,*,つける,31
357,0,到達,名詞,サ変接続,*,*,到達,36
358,0,目標,名詞,一般,*,*,目標,38
362,0,講義,名詞,サ変接続,*,*,講義,36
364,0,履修,名詞,サ変接続,*,*,履修,36
369,0,無機,名詞,一般,*,*,無機,38
370,0,材料,名詞,一般,*,*,材料,38
372,0,有機,名詞,一般,*,*,有機,38
373,0,材料,名詞,一般,*,*,材料,38
375,0,金属,名詞,一般,*,*,金属,38
376,0,材料,名詞,一般,*,*,材料,38
378,0,扱う,動詞,自立,*,*,扱う,31
379,0,ため,名詞,非自立,副詞可能,*,ため,66
381,0,基礎的,名詞,固有名詞,一般,*,基礎的,41
382,0,事項,名詞,一般,*,*,事項,38
385,0,固体,名詞,一般,*,*,固体,38
387,0,結晶構造,名詞,固有名詞,一般,*,結晶構造,41
389,0,固体,名詞,一般,*,*,固体,38
390,0,材料,名詞,一般,*,*,材料,38
392,0,相,名詞,一般,*,*,相,38
393,0,図,名詞,接尾,一般,*,図,51
395,0,状態図,名詞,固有名詞,一般,*,状態図,41
397,0,理解,名詞,サ変接続,*,*,理解,36
401,0,金属,名詞,一般,*,*,金属,38
402,0,腐食,名詞,サ変接続,*,*,腐食,36
404,0,中心,名詞,一般,*,*,中心,38
407,0,材料,名詞,一般,*,*,材料,38
408,0,劣化,名詞,サ変接続,*,*,劣化,36
410,0,基礎,名詞,一般,*,*,基礎,38
412,0,理解,名詞,サ変接続,*,*,理解,36
416,0,到達,名詞,サ変接続,*,*,到達,36
417,0,目標,名詞,一般,*,*,目標,38
424,0,結晶構造,名詞,固有名詞,一般,*,結晶構造,41
426,0,状態,名詞,一般,*,*,状態,38
427,0,図,名詞,接尾,一般,*,図,51
429,0,理解,名詞,サ変接続,*,*,理解,36
431,0,基づい,動詞,自立,*,*,基づく,31
434,0,材料,名詞,一般,*,*,材料,38
436,0,理論,名詞,一般,*,*,理論,38
437,0,強度,名詞,一般,*,*,強度,38
439,0,強化,名詞,サ変接続,*,*,強化,36
440,0,法,名詞,接尾,一般,*,法,51
442,0,劣化,名詞,サ変接続,*,*,劣化,36
445,0,防止,名詞,サ変接続,*,*,防止,36
447,0,考え方,名詞,一般,*,*,考え方,38
449,0,習得,名詞,サ変接続,*,*,習得,36
452,0,応用化学,名詞,固有名詞,一般,*,応用化学,41
454,0,分野,名詞,一般,*,*,分野,38
456,0,創製,名詞,サ変接続,*,*,創製,36
458,0,材料,名詞,一般,*,*,材料,38
460,0,使い,動詞,自立,*,*,使う,31
462,0,応用,名詞,サ変接続,*,*,応用,36
463,0,できる,動詞,自立,*,*,できる,31
466,0,なる,動詞,自立,*,*,なる,31
469,0,目標,名詞,一般,*,*,目標,38
475,0,テーマ,名詞,一般,*,*,テーマ,38
479,0,講義,名詞,サ変接続,*,*,講義,36
483,0,固体,名詞,一般,*,*,固体,38
485,0,結晶構造,名詞,固有名詞,一般,*,結晶構造,41
487,0,固体,名詞,一般,*,*,固体,38
488,0,材料,名詞,一般,*,*,材料,38
490,0,状態図,名詞,固有名詞,一般,*,状態図,41
492,0,考え方,名詞,一般,*,*,考え方,38
494,0,理解,名詞,サ変接続,*,*,理解,36
499,0,応用化学,名詞,固有名詞,一般,*,応用化学,41
500,0,分野,名詞,一般,*,*,分野,38
502,0,活用,名詞,サ変接続,*,*,活用,36
506,0,ため,名詞,非自立,副詞可能,*,ため,66
508,0,基礎,名詞,一般,*,*,基礎,38
510,0,築く,動詞,自立,*,*,築く,31
513,0,目的,名詞,一般,*,*,目的,38
520,0,材料,名詞,一般,*,*,材料,38
521,0,強度,名詞,一般,*,*,強度,38
523,0,劣化,名詞,サ変接続,*,*,劣化,36
525,0,基礎,名詞,一般,*,*,基礎,38
527,0,理解,名詞,サ変接続,*,*,理解,36
529,0,身,名詞,一般,*,*,身,38
531,0,つけ,動詞,自立,*,*,つける,31
535,0,到達,名詞,サ変接続,*,*,到達,36
536,0,目標,名詞,一般,*,*,目標,38
540,0,講義,名詞,サ変接続,*,*,講義,36
542,0,履修,名詞,サ変接続,*,*,履修,36
547,0,無機,名詞,一般,*,*,無機,38
548,0,材料,名詞,一般,*,*,材料,38
550,0,有機,名詞,一般,*,*,有機,38
551,0,材料,名詞,一般,*,*,材料,38
553,0,金属,名詞,一般,*,*,金属,38
554,0,材料,名詞,一般,*,*,材料,38
556,0,扱う,動詞,自立,*,*,扱う,31
557,0,ため,名詞,非自立,副詞可能,*,ため,66
559,0,基礎的,名詞,固有名詞,一般,*,基礎的,41
560,0,事項,名詞,一般,*,*,事項,38
563,0,固体,名詞,一般,*,*,固体,38
565,0,結晶構造,名詞,固有名詞,一般,*,結晶構造,41
567,0,固体,名詞,一般,*,*,固体,38
568,0,材料,名詞,一般,*,*,材料,38
570,0,相,名詞,一般,*,*,相,38
571,0,図,名詞,接尾,一般,*,図,51
573,0,状態図,名詞,固有名詞,一般,*,状態図,41
575,0,理解,名詞,サ変接続,*,*,理解,36
579,0,金属,名詞,一般,*,*,金属,38
580,0,腐食,名詞,サ変接続,*,*,腐食,36
582,0,中心,名詞,一般,*,*,中心,38
585,0,材料,名詞,一般,*,*,材料,38
586,0,劣化,名詞,サ変接続,*,*,劣化,36
588,0,基礎,名詞,一般,*,*,基礎,38
590,0,理解,名詞,サ変接続,*,*,理解,36
594,0,到達,名詞,サ変接続,*,*,到達,36
595,0,目標,名詞,一般,*,*,目標,38
602,0,結晶構造,名詞,固有名詞,一般,*,結晶構造,41
604,0,状態,名詞,一般,*,*,状態,38
605,0,図,名詞,接尾,一般,*,図,51
607,0,理解,名詞,サ変接続,*,*,理解,36
609,0,基づい,動詞,自立,*,*,基づく,31
612,0,材料,名詞,一般,*,*,材料,38
614,0,理論,名詞,一般,*,*,理論,38
615,0,強度,名詞,一般,*,*,強度,38
617,0,強化,名詞,サ変接続,*,*,強化,36
618,0,法,名詞,接尾,一般,*,法,51
620,0,劣化,名詞,サ変接続,*,*,劣化,36
623,0,防止,名詞,サ変接続,*,*,防止,36
625,0,考え方,名詞,一般,*,*,考え方,38
627,0,習得,名詞,サ変接続,*,*,習得,36
630,0,応用化学,名詞,固有名詞,一般,*,応用化学,41
632,0,分野,名詞,一般,*,*,分野,38
634,0,創製,名詞,サ変接続,*,*,創製,36
636,0,材料,名詞,一般,*,*,材料,38
638,0,使い,動詞,自立,*,*,使う,31
640,0,応用,名詞,サ変接続,*,*,応用,36
641,0,できる,動詞,自立,*,*,できる,31
644,0,なる,動詞,自立,*,*,なる,31
647,0,目標,名詞,一般,*,*,目標,38
653,0,テーマ,名詞,一般,*,*,テーマ,38
657,0,講義,名詞,サ変接続,*,*,講義,36
661,0,固体,名詞,一般,*,*,固体,38
663,0,結晶構造,名詞,固有名詞,一般,*,結晶構造,41
665,0,固体,名詞,一般,*,*,固体,38
666,0,材料,名詞,一般,*,*,材料,38
668,0,状態図,名詞,固有名詞,一般,*,状態図,41
670,0,考え方,名詞,一般,*,*,考え方,38
672,0,理解,名詞,サ変接続,*,*,理解,36
677,0,応用化学,名詞,固有名詞,一般,*,応用化学,41
678,0,分野,名詞,一般,*,*,分野,38
680,0,活用,名詞,サ変接続,*,*,活用,36
684,0,ため,名詞,非自立,副詞可能,*,ため,66
686,0,基礎,名詞,一般,*,*,基礎,38
688,0,築く,動詞,自立,*,*,築く,31
691,0,目的,名詞,一般,*,*,目的,38
698,0,材料,名詞,一般,*,*,材料,38
699,0,強度,名詞,一般,*,*,強度,38
701,0,劣化,名詞,サ変接続,*,*,劣化,36
703,0,基礎,名詞,一般,*,*,基礎,38
705,0,理解,名詞,サ変接続,*,*,理解,36
707,0,身,名詞,一般,*,*,身,38
709,0,つけ,動詞,自立,*,*,つける,31
1,0,到達,名詞,サ変接続,*,*,到達,36
2,0,目標,名詞,一般,*,*,目標,38
6,0,講義,名詞,サ変接続,*,*,講義,36
8,0,履修,名詞,サ変接続,*,*,履修,36
13,0,無機,名詞,一般,*,*,無機,38
14,0,材料,名詞,一般,*,*,材料,38
16,0,有機,名詞,一般,*,*,有機,38
17,0,材料,名詞,一般,*,*,材料,38
19,0,金属,名詞,一般,*,*,金属,38
20,0,材料,名詞,一般,*,*,材料,38
22,0,扱う,動詞,自立,*,*,扱う,31
23,0,ため,名詞,非自立,副詞可能,*,ため,66
25,0,基礎的,名詞,固有名詞,一般,*,基礎的,41
26,0,事項,名詞,一般,*,*,事項,38
29,0,固体,名詞,一般,*,*,固体,38
31,0,結晶構造,名詞,固有名詞,一般,*,結晶構造,41
33,0,固体,名詞,一般,*,*,固体,38
34,0,材料,名詞,一般,*,*,材料,38
36,0,相,名詞,一般,*,*,相,38
37,0,図,名詞,接尾,一般,*,図,51
39,0,状態図,名詞,固有名詞,一般,*,状態図,41
41,0,理解,名詞,サ変接続,*,*,理解,36
45,0,金属,名詞,一般,*,*,金属,38
46,0,腐食,名詞,サ変接続,*,*,腐食,36
48,0,中心,名詞,一般,*,*,中心,38
51,0,材料,名詞,一般,*,*,材料,38
52,0,劣化,名詞,サ変接続,*,*,劣化,36
54,0,基礎,名詞,一般,*,*,基礎,38
56,0,理解,名詞,サ変接続,*,*,理解,36
60,0,到達,名詞,サ変接続,*,*,到達,36
61,0,目標,名詞,一般,*,*,目標,38
68,0,結晶構造,名詞,固有名詞,一般,*,結晶構造,41
70,0,状態,名詞,一般,*,*,状態,38
71,0,図,名詞,接尾,一般,*,図,51
73,0,理解,名詞,サ変接続,*,*,理解,36
75,0,基づい,動詞,自立,*,*,基づく,31
78,0,材料,名詞,一般,*,*,材料,38
80,0,理論,名詞,一般,*,*,理論,38
81,0,強度,名詞,一般,*,*,強度,38
83,0,強化,名詞,サ変接続,*,*,強化,36
84,0,法,名詞,接尾,一般,*,法,51
86,0,劣化,名詞,サ変接続,*,*,劣化,36
89,0,防止,名詞,サ変接続,*,*,防止,36
91,0,考え方,名詞,一般,*,*,考え方,38
93,0,習得,名詞,サ変接続,*,*,習得,36
96,0,応用化学,名詞,固有名詞,一般,*,応用化学,41
98,0,分野,名詞,一般,*,*,分野,38
100,0,創製,名詞,サ変接続,*,*,創製,36
102,0,材料,名詞,一般,*,*,材料,38
104,0,使い,動詞,自立,*,*,使う,31
106,0,応用,名詞,サ変接続,*,*,応用,36
107,0,できる,動詞,自立,*,*,できる,31
110,0,なる,動詞,自立,*,*,なる,31
113,0,目標,名詞,一般,*,*,目標,38
119,0,テーマ,名詞,一般,*,*,テーマ,38
123,0,講義,名詞,サ変接続,*,*,講義,36
127,0,固体,名詞,一般,*,*,固体,38
129,0,結晶構造,名詞,固有名詞,一般,*,結晶構造,41
131,0,固体,名詞,一般,*,*,固体,38
132,0,材料,名詞,一般,*,*,材料,38
134,0,状態図,名詞,固有名詞,一般,*,状態図,41
136,0,考え方,名詞,一般,*,*,考え方,38
138,0,理解,名詞,サ変接続,*,*,理解,36
143,0,応用化学,名詞,固有名詞,一般,*,応用化学,41
144,0,分野,名詞,一般,*,*,分野,38
146,0,活用,名詞,サ変接続,*,*,活用,36
150,0,ため,名詞,非自立,副詞可能,*,ため,66
152,0,基礎,名詞,一般,*,*,基礎,38
154,0,築く,動詞,自立,*,*,築く,31
157,0,目的,名詞,一般,*,*,目的,38
164,0,材料,名詞,一般,*,*,材料,38
165,0,強度,名詞,一般,*,*,強度,38
167,0,劣化,名詞,サ変接続,*,*,劣化,36
169,0,基礎,名詞,一般,*,*,基礎,38
171,0,理解,名詞,サ変接続,*,*,理解,36
173,0,身,名詞,一般,*,*,身,38
175,0,つけ,動詞,自立,*,*,つける,31
179,0,到達,名詞,サ変接続,*,*,到達,36
180,0,目標,名詞,一般,*,*,目標,38
184,0,講義,名詞,サ変接続,*,*,講義,36
186,0,履修,名詞,サ変接続,*,*,履修,36
191,0,無機,名詞,一般,*,*,無機,38
192,0,材料,名詞,一般,*,*,材料,38
194,0,有機,名詞,一般,*,*,有機,38
195,0,材料,名詞,一般,*,*,材料,38
197,0,金属,名詞,一般,*,*,金属,38
198,0,材料,名詞,一般,*,*,材料,38
200,0,扱う,動詞,自立,*,*,扱う,31
201,0,ため,名詞,非自立,副詞可能,*,ため,66
203,0,基礎的,名詞,固有名詞,一般,*,基礎的,41
204,0,事項,名詞,一般,*,*,事項,38
207,0,固体,名詞,一般,*,*,固体,38
209,0,結晶構造,名詞,固有名詞,一般,*,結晶構造,41
211,0,固体,名詞,一般,*,*,固体,38
212,0,材料,名詞,一般,*,*,材料,38
214,0,相,名詞,一般,*,*,相,38
215,0,図,名詞,接尾,一般,*,図,51
217,0,状態図,名詞,固有名詞,一般,*,状態図,41
219,0,理解,名詞,サ変接続,*,*,理解,36
223,0,金属,名詞,一般,*,*,金属,38
224,0,腐食,名詞,サ変接続,*,*,腐食,36
226,0,中心,名詞,一般,*,*,中心,38
229,0,材料,名詞,一般,*,*,材料,38
230,0,劣化,名詞,サ変接続,*,*,劣化,36
232,0,基礎,名詞,一般,*,*,基礎,38
234,0,理解,名詞,サ変接続,*,*,理解,36
238,0,到達,名詞,サ変接続,*,*,到達,36
239,0,目標,名詞,一般,*,*,目標,38
246,0,結晶構造,名詞,固有名詞,一般,*,結晶構造,41
248,0,状態,名詞,一般,*,*,状態,38
249,0,図,名詞,接尾,一般,*,図,51
251,0,理解,名詞,サ変接続,*,*,理解,36
253,0,基づい,動詞,自立,*,*,基づく,31
256,0,材料,名詞,一般,*,*,材料,38
258,0,理論,名詞,一般,*,*,理論,38
259,0,強度,名詞,一般,*,*,強度,38
261,0,強化,名詞,サ変接続,*,*,強化,36
262,0,法,名詞,接尾,一般,*,法,51
264,0,劣化,名詞,サ変接続,*,*,劣化,36
267,0,防止,名詞,サ変接続,*,*,防止,36
269,0,考え方,名詞,一般,*,*,考え方,38
271,0,習得,名詞,サ変接続,*,*,習得,36
274,0,応用化学,名詞,固有名詞,一般,*,応用化学,41
276,0,分野,名詞,一般,*,*,分野,38
278,0,創製,名詞,サ変接続,*,*,創製,36
280,0,材料,名詞,一般,*,*,材料,38
282,0,使い,動詞,自立,*,*,使う,31
284,0,応用,名詞,サ変接続,*,*,応用,36
285,0,できる,動詞,自立,*,*,できる,31
288,0,なる,動詞,自立,*,*,なる,31
291,0,目標,名詞,一般,*,*,目標,38
297,0,テーマ,名詞,一般,*,*,テーマ,38
301,0,講義,名詞,サ変接続,*,*,講義,36
305,0,固体,名詞,一般,*,*,固体,38
307,0,結晶構造,名詞,固有名詞,一般,*,結晶構造,41
309,0,固体,名詞,一般,*,*,固体,38
310,0,材料,名詞,一般,*,*,材料,38
312,0,状態図,名詞,固有名詞,一般,*,状態図,41
314,0,考え方,名詞,一般,*,*,考え方,38
316,0,理解,名詞,サ変接続,*,*,理解,36
321,0,応用化学,名詞,固有名詞,一般,*,応用化学,41
322,0,分野,名詞,一般,*,*,分野,38
324,0,活用,名詞,サ変接続,*,*,活用,36
328,0,ため,名詞,非自立,副詞可能,*,ため,66
330,0,基礎,名詞,一般,*,*,基礎,38
332,0,築く,動詞,自立,*,*,築く,31
335,0,目的,名詞,一般,*,*,目的,38
342,0,材料,名詞,一般,*,*,材料,38
343,0,強度,名詞,一般,*,*,強度,38
345,0,劣化,名詞,サ変接続,*,*,劣化,36
347,0,基礎,名詞,一般,*,*,基礎,38
349,0,理解,名詞,サ変接続,*,*,理解,36
351,0,身,名詞,一般,*,*,身,38
353,0,つけ,動詞,自立,*,*,つける,31
357,0,到達,名詞,サ変接続,*,*,到達,36
358,0,目標,名詞,一般,*,*,目標,38
362,0,講義,名詞,サ変接続,*,*,講義,36
364,0,履修,名詞,サ変接続,*,*,履修,36
369,0,無機,名詞,一般,*,*,無機,38
370,0,材料,名詞,一般,*,*,材料,38
372,0,有機,名詞,一般,*,*,有機,38
373,0,材料,名詞,一般,*,*,材料,38
375,0,金属,名詞,一般,*,*,金属,38
376,0,材料,名詞,一般,*,*,材料,38
378,0,扱う,動詞,自立,*,*,扱う,31
379,0,ため,名詞,非自立,副詞可能,*,ため,66
381,0,基礎的,名詞,固有名詞,一般,*,基礎的,41
382,0,事項,名詞,一般,*,*,事項,38
385,0,固体,名詞,一般,*,*,固体,38
387,0,結晶構造,名詞,固有名詞,一般,*,結晶構造,41
389,0,固体,名詞,一般,*,*,固体,38
390,0,材料,名詞,一般,*,*,材料,38
392,0,相,名詞,一般,*,*,相,38
393,0,図,名詞,接尾,一般,*,図,51
395,0,状態図,名詞,固有名詞,一般,*,状態図,41
397,0,理解,名詞,サ変接続,*,*,理解,36
401,0,金属,名詞,一般,*,*,金属,38
402,0,腐食,名詞,サ変接続,*,*,腐食,36
404,0,中心,名詞,一般,*,*,中心,38
407,0,材料,名詞,一般,*,*,材料,38
408,0,劣化,名詞,サ変接続,*,*,劣化,36
410,0,基礎,名詞,一般,*,*,基礎,38
412,0,理解,名詞,サ変接続,*,*,理解,36
416,0,到達,名詞,サ変接続,*,*,到達,36
417,0,目標,名詞,一般,*,*,目標,38
424,0,結晶構造,名詞,固有名詞,一般,*,結晶構造,41
426,0,状態,名詞,一般,*,*,状態,38
427,0,図,名詞,接尾,一般,*,図,51
429,0,理解,名詞,サ変接続,*,*,理解,36
431,0,基づい,動詞,自立,*,*,基づく,31
434,0,材料,名詞,一般,*,*,材料,38
436,0,理論,名詞,一般,*,*,理論,38
437,0,強度,名詞,一般,*,*,強度,38
439,0,強化,名詞,サ変接続,*,*,強化,36
440,0,法,名詞,接尾,一般,*,法,51
442,0,劣化,名詞,サ変接続,*,*,劣化,36
445,0,防止,名詞,サ変接続,*,*,防止,36
447,0,考え方,名詞,一般,*,*,考え方,38
449,0,習得,名詞,サ変接続,*,*,習得,36
452,0,応用化学,名詞,固有名詞,一般,*,応用化学,41
454,0,分野,名詞,一般,*,*,分野,38
456,0,創製,名詞,サ変接続,*,*,創製,36
458,0,材料,名詞,一般,*,*,材料,38
460,0,使い,動詞,自立,*,*,使う,31
462,0,応用,名詞,サ変接続,*,*,応用,36
463,0,できる,動詞,自立,*,*,できる,31
466,0,なる,動詞,自立,*,*,なる,31
469,0,目標,名詞,一般,*,*,目標,38
475,0,テーマ,名詞,一般,*,*,テーマ,38
479,0,講義,名詞,サ変接続,*,*,講義,36
483,0,固体,名詞,一般,*,*,固体,38
485,0,結晶構造,名詞,固有名詞,一般,*,結晶構造,41
487,0,固体,名詞,一般,*,*,固体,38
488,0,材料,名詞,一般,*,*,材料,38
490,0,状態図,名詞,固有名詞,一般,*,状態図,41
492,0,考え方,名詞,一般,*,*,考え方,38
494,0,理解,名詞,サ変接続,*,*,理解,36
499,0,応用化学,名詞,固有名詞,一般,*,応用化学,41
500,0,分野,名詞,一般,*,*,分野,38
502,0,活用,名詞,サ変接続,*,*,活用,36
506,0,ため,名詞,非自立,副詞可能,*,ため,66
508,0,基礎,名詞,一般,*,*,基礎,38
510,0,築く,動詞,自立,*,*,築く,31
513,0,目的,名詞,一般,*,*,目的,38
520,0,材料,名詞,一般,*,*,材料,38
521,0,強度,名詞,一般,*,*,強度,38
523,0,劣化,名詞,サ変接続,*,*,劣化,36
525,0,基礎,名詞,一般,*,*,基礎,38
527,0,理解,名詞,サ変接続,*,*,理解,36
529,0,身,名詞,一般,*,*,身,38
531,0,つけ,動詞,自立,*,*,つける,31
535,0,到達,名詞,サ変接続,*,*,到達,36
536,0,目標,名詞,一般,*,*,目標,38
540,0,講義,名詞,サ変接続,*,*,講義,36
542,0,履修,名詞,サ変接続,*,*,履修,36
547,0,無機,名詞,一般,*,*,無機,38
548,0,材料,名詞,一般,*,*,材料,38
550,0,有機,名詞,一般,*,*,有機,38
551,0,材料,名詞,一般,*,*,材料,38
553,0,金属,名詞,一般,*,*,金属,38
554,0,材料,名詞,一般,*,*,材料,38
556,0,扱う,動詞,自立,*,*,扱う,31
557,0,ため,名詞,非自立,副詞可能,*,ため,66
559,0,基礎的,名詞,固有名詞,一般,*,基礎的,41
560,0,事項,名詞,一般,*,*,事項,38
563,0,固体,名詞,一般,*,*,固体,38
565,0,結晶構造,名詞,固有名詞,一般,*,結晶構造,41
567,0,固体,名詞,一般,*,*,固体,38
568,0,材料,名詞,一般,*,*,材料,38
570,0,相,名詞,一般,*,*,相,38
571,0,図,名詞,接尾,一般,*,図,51
573,0,状態図,名詞,固有名詞,一般,*,状態図,41
575,0,理解,名詞,サ変接続,*,*,理解,36
579,0,金属,名詞,一般,*,*,金属,38
580,0,腐食,名詞,サ変接続,*,*,腐食,36
582,0,中心,名詞,一般,*,*,中心,38
585,0,材料,名詞,一般,*,*,材料,38
586,0,劣化,名詞,サ変接続,*,*,劣化,36
588,0,基礎,名詞,一般,*,*,基礎,38
590,0,理解,名詞,サ変接続,*,*,理解,36
594,0,到達,名詞,サ変接続,*,*,到達,36
595,0,目標,名詞,一般,*,*,目標,38
602,0,結晶構造,名詞,固有名詞,一般,*,結晶構造,41
604,0,状態,名詞,一般,*,*,状態,38
605,0,図,名詞,接尾,一般,*,図,51
607,0,理解,名詞,サ変接続,*,*,理解,36
609,0,基づい,動詞,自立,*,*,基づく,31
612,0,材料,名詞,一般,*,*,材料,38
614,0,理論,名詞,一般,*,*,理論,38
615,0,強度,名詞,一般,*,*,強度,38
617,0,強化,名詞,サ変接続,*,*,強化,36
618,0,法,名詞,接尾,一般,*,法,51
620,0,劣化,名詞,サ変接続,*,*,劣化,36
623,0,防止,名詞,サ変接続,*,*,防止,36
625,0,考え方,名詞,一般,*,*,考え方,38
627,0,習得,名詞,サ変接続,*,*,習得,36
630,0,応用化学,名詞,固有名詞,一般,*,応用化学,41
632,0,分野,名詞,一般,*,*,分野,38
634,0,創製,名詞,サ変接続,*,*,創製,36
636,0,材料,名詞,一般,*,*,材料,38
638,0,使い,動詞,自立,*,*,使う,31
640,0,応用,名詞,サ変接続,*,*,応用,36
641,0,できる,動詞,自立,*,*,できる,31
644,0,なる,動詞,自立,*,*,なる,31
647,0,目標,名詞,一般,*,*,目標,38
653,0,テーマ,名詞,一般,*,*,テーマ,38
657,0,講義,名詞,サ変接続,*,*,講義,36
661,0,固体,名詞,一般,*,*,固体,38
663,0,結晶構造,名詞,固有名詞,一般,*,結晶構造,41
665,0,固体,名詞,一般,*,*,固体,38
666,0,材料,名詞,一般,*,*,材料,38
668,0,状態図,名詞,固有名詞,一般,*,状態図,41
670,0,考え方,名詞,一般,*,*,考え方,38
672,0,理解,名詞,サ変接続,*,*,理解,36
677,0,応用化学,名詞,固有名詞,一般,*,応用化学,41
678,0,分野,名詞,一般,*,*,分野,38
680,0,活用,名詞,サ変接続,*,*,活用,36
684,0,ため,名詞,非自立,副詞可能,*,ため,66
686,0,基礎,名詞,一般,*,*,基礎,38
688,0,築く,動詞,自立,*,*,築く,31
691,0,目的,名詞,一般,*,*,目的,38
698,0,材料,名詞,一般,*,*,材料,38
699,0,強度,名詞,一般,*,*,強度,38
701,0,劣化,名詞,サ変接続,*,*,劣化,36
703,0,基礎,名詞,一般,*,*,基礎,38
705,0,理解,名詞,サ変接続,*,*,理解,36
707,0,身,名詞,一般,*,*,身,38
709,0,つけ,動詞,自立,*,*,つける,31
0,0,複合材料,名詞,固有名詞,一般,*,複合材料,41
1,0,1次,名詞,固有名詞,一般,*,1次,41
2,0,結合,名詞,サ変接続,*,*,結合,36
5,0,結合,名詞,サ変接続,*,*,結合,36
7,0,格子,名詞,一般,*,*,格子,38
8,0,相,名詞,接尾,一般,*,相,51
9,0,平衡,名詞,サ変接続,*,*,平衡,36
10,0,状態図,名詞,固有名詞,一般,*,状態図,41
12,0,相,名詞,一般,*,*,相,38
13,0,図,名詞,接尾,一般,*,図,51
15,0,不変,名詞,一般,*,*,不変,38
16,0,反応,名詞,サ変接続,*,*,反応,36
17,0,恒温,名詞,一般,*,*,恒温,38
18,0,変態,名詞,サ変接続,*,*,変態,36
19,0,共晶,名詞,固有名詞,一般,*,共晶,41
20,0,共,名詞,接尾,一般,*,共,51
22,0,フェライト,名詞,一般,*,*,フェライト,38
23,0,オーステナイト,名詞,固有名詞,一般,*,オーステナイト,41
25,0,欠陥,名詞,一般,*,*,欠陥,38
26,0,転位,名詞,サ変接続,*,*,転位,36
27,0,靭性,名詞,固有名詞,一般,*,靭性,41
28,0,理論,名詞,一般,*,*,理論,38
29,0,強度,名詞,一般,*,*,強度,38
30,0,析出,名詞,サ変接続,*,*,析出,36
31,0,強化,名詞,サ変接続,*,*,強化,36
32,0,応力,名詞,一般,*,*,応力,38
34,0,変態,名詞,サ変接続,*,*,変態,36
35,0,電気化学,名詞,固有名詞,一般,*,電気化学,41
36,0,標準,名詞,一般,*,*,標準,38
37,0,電極,名詞,一般,*,*,電極,38
38,0,電位,名詞,一般,*,*,電位,38
40,0,線,名詞,接尾,一般,*,線,51
41,0,図,名詞,接尾,一般,*,図,51
42,0,不動態,名詞,固有名詞,一般,*,不動態,41
43,0,複合材料,名詞,固有名詞,一般,*,複合材料,41
44,0,1次,名詞,固有名詞,一般,*,1次,41
45,0,結合,名詞,サ変接続,*,*,結合,36
48,0,結合,名詞,サ変接続,*,*,結合,36
50,0,格子,名詞,一般,*,*,格子,38
51,0,相,名詞,接尾,一般,*,相,51
52,0,平衡,名詞,サ変接続,*,*,平衡,36
53,0,状態図,名詞,固有名詞,一般,*,状態図,41
55,0,相,名詞,一般,*,*,相,38
56,0,図,名詞,接尾,一般,*,図,51
58,0,不変,名詞,一般,*,*,不変,38
59,0,反応,名詞,サ変接続,*,*,反応,36
60,0,恒温,名詞,一般,*,*,恒温,38
61,0,変態,名詞,サ変接続,*,*,変態,36
62,0,共晶,名詞,固有名詞,一般,*,共晶,41
63,0,共,名詞,接尾,一般,*,共,51
65,0,フェライト,名詞,一般,*,*,フェライト,38
66,0,オーステナイト,名詞,固有名詞,一般,*,オーステナイト,41
68,0,欠陥,名詞,一般,*,*,欠陥,38
69,0,転位,名詞,サ変接続,*,*,転位,36
70,0,靭性,名詞,固有名詞,一般,*,靭性,41
71,0,理論,名詞,一般,*,*,理論,38
72,0,強度,名詞,一般,*,*,強度,38
73,0,析出,名詞,サ変接続,*,*,析出,36
74,0,強化,名詞,サ変接続,*,*,強化,36
75,0,応力,名詞,一般,*,*,応力,38
77,0,変態,名詞,サ変接続,*,*,変態,36
78,0,電気化学,名詞,固有名詞,一般,*,電気化学,41
79,0,標準,名詞,一般,*,*,標準,38
80,0,電極,名詞,一般,*,*,電極,38
81,0,電位,名詞,一般,*,*,電位,38
83,0,線,名詞,接尾,一般,*,線,51
84,0,図,名詞,接尾,一般,*,図,51
85,0,不動態,名詞,固有名詞,一般,*,不動態,41
86,0,複合材料,名詞,固有名詞,一般,*,複合材料,41
87,0,1次,名詞,固有名詞,一般,*,1次,41
88,0,結合,名詞,サ変接続,*,*,結合,36
91,0,結合,名詞,サ変接続,*,*,結合,36
93,0,格子,名詞,一般,*,*,格子,38
94,0,相,名詞,接尾,一般,*,相,51
95,0,平衡,名詞,サ変接続,*,*,平衡,36
96,0,状態図,名詞,固有名詞,一般,*,状態図,41
98,0,相,名詞,一般,*,*,相,38
99,0,図,名詞,接尾,一般,*,図,51
101,0,不変,名詞,一般,*,*,不変,38
102,0,反応,名詞,サ変接続,*,*,反応,36
103,0,恒温,名詞,一般,*,*,恒温,38
104,0,変態,名詞,サ変接続,*,*,変態,36
105,0,共晶,名詞,固有名詞,一般,*,共晶,41
106,0,共,名詞,接尾,一般,*,共,51
108,0,フェライト,名詞,一般,*,*,フェライト,38
109,0,オーステナイト,名詞,固有名詞,一般,*,オーステナイト,41
111,0,欠陥,名詞,一般,*,*,欠陥,38
112,0,転位,名詞,サ変接続,*,*,転位,36
113,0,靭性,名詞,固有名詞,一般,*,靭性,41
114,0,理論,名詞,一般,*,*,理論,38
115,0,強度,名詞,一般,*,*,強度,38
116,0,析出,名詞,サ変接続,*,*,析出,36
117,0,強化,名詞,サ変接続,*,*,強化,36
118,0,応力,名詞,一般,*,*,応力,38
120,0,変態,名詞,サ変接続,*,*,変態,36
121,0,電気化学,名詞,固有名詞,一般,*,電気化学,41
122,0,標準,名詞,一般,*,*,標準,38
123,0,電極,名詞,一般,*,*,電極,38
124,0,電位,名詞,一般,*,*,電位,38
126,0,線,名詞,接尾,一般,*,線,51
127,0,図,名詞,接尾,一般,*,図,51
128,0,不動態,名詞,固有名詞,一般,*,不動態,41
129,0,複合材料,名詞,固有名詞,一般,*,複合材料,41
130,0,1次,名詞,固有名詞,一般,*,1次,41
131,0,結合,名詞,サ変接続,*,*,結合,36
134,0,結合,名詞,サ変接続,*,*,結合,36
136,0,格子,名詞,一般,*,*,格子,38
137,0,相,名詞,接尾,一般,*,相,51
138,0,平衡,名詞,サ変接続,*,*,平衡,36
139,0,状態図,名詞,固有名詞,一般,*,状態図,41
141,0,相,名詞,一般,*,*,相,38
142,0,図,名詞,接尾,一般,*,図,51
144,0,不変,名詞,一般,*,*,不変,38
145,0,反応,名詞,サ変接続,*,*,反応,36
146,0,恒温,名詞,一般,*,*,恒温,38
147,0,変態,名詞,サ変接続,*,*,変態,36
148,0,共晶,名詞,固有名詞,一般,*,共晶,41
149,0,共,名詞,接尾,一般,*,共,51
151,0,フェライト,名詞,一般,*,*,フェライト,38
152,0,オーステナイト,名詞,固有名詞,一般,*,オーステナイト,41
154,0,欠陥,名詞,一般,*,*,欠陥,38
155,0,転位,名詞,サ変接続,*,*,転位,36
156,0,靭性,名詞,固有名詞,一般,*,靭性,41
157,0,理論,名詞,一般,*,*,理論,38
158,0,強度,名詞,一般,*,*,強度,38
159,0,析出,名詞,サ変接続,*,*,析出,36
160,0,強化,名詞,サ変接続,*,*,強化,36
161,0,応力,名詞,一般,*,*,応力,38
163,0,変態,名詞,サ変接続,*,*,変態,36
164,0,電気化学,名詞,固有名詞,一般,*,電気化学,41
165,0,標準,名詞,一般,*,*,標準,38
166,0,電極,名詞,一般,*,*,電極,38
167,0,電位,名詞,一般,*,*,電位,38
169,0,線,名詞,接尾,一般,*,線,51
170,0,図,名詞,接尾,一般,*,図,51
171,0,不動態,名詞,固有名詞,一般,*,不動態,41
0,0,複合材料,名詞,固有名詞,一般,*,複合材料,41
1,0,1次,名詞,固有名詞,一般,*,1次,41
2,0,結合,名詞,サ変接続,*,*,結合,36
5,0,結合,名詞,サ変接続,*,*,結合,36
7,0,格子,名詞,一般,*,*,格子,38
8,0,相,名詞,接尾,一般,*,相,51
9,0,平衡,名詞,サ変接続,*,*,平衡,36
10,0,状態図,名詞,固有名詞,一般,*,状態図,41
12,0,相,名詞,一般,*,*,相,38
13,0,図,名詞,接尾,一般,*,図,51
15,0,不変,名詞,一般,*,*,不変,38
16,0,反応,名詞,サ変接続,*,*,反応,36
17,0,恒温,名詞,一般,*,*,恒温,38
18,0,変態,名詞,サ変接続,*,*,変態,36
19,0,共晶,名詞,固有名詞,一般,*,共晶,41
20,0,共,名詞,接尾,一般,*,共,51
22,0,フェライト,名詞,一般,*,*,フェライト,38
23,0,オーステナイト,名詞,固有名詞,一般,*,オーステナイト,41
25,0,欠陥,名詞,一般,*,*,欠陥,38
26,0,転位,名詞,サ変接続,*,*,転位,36
27,0,靭性,名詞,固有名詞,一般,*,靭性,41
28,0,理論,名詞,一般,*,*,理論,38
29,0,強度,名詞,一般,*,*,強度,38
30,0,析出,名詞,サ変接続,*,*,析出,36
31,0,強化,名詞,サ変接続,*,*,強化,36
32,0,応力,名詞,一般,*,*,応力,38
34,0,変態,名詞,サ変接続,*,*,変態,36
35,0,電気化学,名詞,固有名詞,一般,*,電気化学,41
36,0,標準,名詞,一般,*,*,標準,38
37,0,電極,名詞,一般,*,*,電極,38
38,0,電位,名詞,一般,*,*,電位,38
40,0,線,名詞,接尾,一般,*,線,51
41,0,図,名詞,接尾,一般,*,図,51
42,0,不動態,名詞,固有名詞,一般,*,不動態,41
43,0,複合材料,名詞,固有名詞,一般,*,複合材料,41
44,0,1次,名詞,固有名詞,一般,*,1次,41
45,0,結合,名詞,サ変接続,*,*,結合,36
48,0,結合,名詞,サ変接続,*,*,結合,36
50,0,格子,名詞,一般,*,*,格子,38
51,0,相,名詞,接尾,一般,*,相,51
52,0,平衡,名詞,サ変接続,*,*,平衡,36
53,0,状態図,名詞,固有名詞,一般,*,状態図,41
55,0,相,名詞,一般,*,*,相,38
56,0,図,名詞,接尾,一般,*,図,51
58,0,不変,名詞,一般,*,*,不変,38
59,0,反応,名詞,サ変接続,*,*,反応,36
60,0,恒温,名詞,一般,*,*,恒温,38
61,0,変態,名詞,サ変接続,*,*,変態,36
62,0,共晶,名詞,固有名詞,一般,*,共晶,41
63,0,共,名詞,接尾,一般,*,共,51
65,0,フェライト,名詞,一般,*,*,フェライト,38
66,0,オーステナイト,名詞,固有名詞,一般,*,オーステナイト,41
68,0,欠陥,名詞,一般,*,*,欠陥,38
69,0,転位,名詞,サ変接続,*,*,転位,36
70,0,靭性,名詞,固有名詞,一般,*,靭性,41
71,0,理論,名詞,一般,*,*,理論,38
72,0,強度,名詞,一般,*,*,強度,38
73,0,析出,名詞,サ変接続,*,*,析出,36
74,0,強化,名詞,サ変接続,*,*,強化,36
75,0,応力,名詞,一般,*,*,応力,38
77,0,変態,名詞,サ変接続,*,*,変態,36
78,0,電気化学,名詞,固有名詞,一般,*,電気化学,41
79,0,標準,名詞,一般,*,*,標準,38
80,0,電極,名詞,一般,*,*,電極,38
81,0,電位,名詞,一般,*,*,電位,38
83,0,線,名詞,接尾,一般,*,線,51
84,0,図,名詞,接尾,一般,*,図,51
85,0,不動態,名詞,固有名詞,一般,*,不動態,41
86,0,複合材料,名詞,固有名詞,一般,*,複合材料,41
87,0,1次,名詞,固有名詞,一般,*,1次,41
88,0,結合,名詞,サ変接続,*,*,結合,36
91,0,結合,名詞,サ変接続,*,*,結合,36
93,0,格子,名詞,一般,*,*,格子,38
94,0,相,名詞,接尾,一般,*,相,51
95,0,平衡,名詞,サ変接続,*,*,平衡,36
96,0,状態図,名詞,固有名詞,一般,*,状態図,41
98,0,相,名詞,一般,*,*,相,38
99,0,図,名詞,接尾,一般,*,図,51
101,0,不変,名詞,一般,*,*,不変,38
102,0,反応,名詞,サ変接続,*,*,反応,36
103,0,恒温,名詞,一般,*,*,恒温,38
104,0,変態,名詞,サ変接続,*,*,変態,36
105,0,共晶,名詞,固有名詞,一般,*,共晶,41
106,0,共,名詞,接尾,一般,*,共,51
108,0,フェライト,名詞,一般,*,*,フェライト,38
109,0,オーステナイト,名詞,固有名詞,一般,*,オーステナイト,41
111,0,欠陥,名詞,一般,*,*,欠陥,38
112,0,転位,名詞,サ変接続,*,*,転位,36
113,0,靭性,名詞,固有名詞,一般,*,靭性,41
114,0,理論,名詞,一般,*,*,理論,38
115,0,強度,名詞,一般,*,*,強度,38
116,0,析出,名詞,サ変接続,*,*,析出,36
117,0,強化,名詞,サ変接続,*,*,強化,36
118,0,応力,名詞,一般,*,*,応力,38
120,0,変態,名詞,サ変接続,*,*,変態,36
121,0,電気化学,名詞,固有名詞,一般,*,電気化学,41
122,0,標準,名詞,一般,*,*,標準,38
123,0,電極,名詞,一般,*,*,電極,38
124,0,電位,名詞,一般,*,*,電位,38
126,0,線,名詞,接尾,一般,*,線,51
127,0,図,名詞,接尾,一般,*,図,51
128,0,不動態,名詞,固有名詞,一般,*,不動態,41
129,0,複合材料,名詞,固有名詞,一般,*,複合材料,41
130,0,1次,名詞,固有名詞,一般,*,1次,41
131,0,結合,名詞,サ変接続,*,*,結合,36
134,0,結合,名詞,サ変接続,*,*,結合,36
136,0,格子,名詞,一般,*,*,格子,38
137,0,相,名詞,接尾,一般,*,相,51
138,0,平衡,名詞,サ変接続,*,*,平衡,36
139,0,状態図,名詞,固有名詞,一般,*,状態図,41
141,0,相,名詞,一般,*,*,相,38
142,0,図,名詞,接尾,一般,*,図,51
144,0,不変,名詞,一般,*,*,不変,38
145,0,反応,名詞,サ変接続,*,*,反応,36
146,0,恒温,名詞,一般,*,*,恒温,38
147,0,変態,名詞,サ変接続,*,*,変態,36
148,0,共晶,名詞,固有名詞,一般,*,共晶,41
149,0,共,名詞,接尾,一般,*,共,51
151,0,フェライト,名詞,一般,*,*,フェライト,38
152,0,オーステナイト,名詞,固有名詞,一般,*,オーステナイト,41
154,0,欠陥,名詞,一般,*,*,欠陥,38
155,0,転位,名詞,サ変接続,*,*,転位,36
156,0,靭性,名詞,固有名詞,一般,*,靭性,41
157,0,理論,名詞,一般,*,*,理論,38
158,0,強度,名詞,一般,*,*,強度,38
159,0,析出,名詞,サ変接続,*,*,析出,36
160,0,強化,名詞,サ変接続,*,*,強化,36
161,0,応力,名詞,一般,*,*,応力,38
163,0,変態,名詞,サ変接続,*,*,変態,36
164,0,電気化学,名詞,固有名詞,一般,*,電気化学,41
165,0,標準,名詞,一般,*,*,標準,38
166,0,電極,名詞,一般,*,*,電極,38
167,0,電位,名詞,一般,*,*,電位,38
169,0,線,名詞,接尾,一般,*,線,51
170,0,図,名詞,接尾,一般,*,図,51
171,0,不動態,名詞,固有名詞,一般,*,不動態,41
0,0,複合材料,名詞,固有名詞,一般,*,複合材料,41
1,0,1次,名詞,固有名詞,一般,*,1次,41
2,0,結合,名詞,サ変接続,*,*,結合,36
5,0,結合,名詞,サ変接続,*,*,結合,36
7,0,格子,名詞,一般,*,*,格子,38
8,0,相,名詞,接尾,一般,*,相,51
9,0,平衡,名詞,サ変接続,*,*,平衡,36
10,0,状態図,名詞,固有名詞,一般,*,状態図,41
12,0,相,名詞,一般,*,*,相,38
13,0,図,名詞,接尾,一般,*,図,51
15,0,不変,名詞,一般,*,*,不変,38
16,0,反応,名詞,サ変接続,*,*,反応,36
17,0,恒温,名詞,一般,*,*,恒温,38
18,0,変態,名詞,サ変接続,*,*,変態,36
19,0,共晶,名詞,固有名詞,一般,*,共晶,41
20,0,共,名詞,接尾,一般,*,共,51
22,0,フェライト,名詞,一般,*,*,フェライト,38
23,0,オーステナイト,名詞,固有名詞,一般,*,オーステナイト,41
25,0,欠陥,名詞,一般,*,*,欠陥,38
26,0,転位,名詞,サ変接続,*,*,転位,36
27,0,靭性,名詞,固有名詞,一般,*,靭性,41
28,0,理論,名詞,一般,*,*,理論,38
29,0,強度,名詞,一般,*,*,強度,38
30,0,析出,名詞,サ変接続,*,*,析出,36
31,0,強化,名詞,サ変接続,*,*,強化,36
32,0,応力,名詞,一般,*,*,応力,38
34,0,変態,名詞,サ変接続,*,*,変態,36
35,0,電気化学,名詞,固有名詞,一般,*,電気化学,41
36,0,標準,名詞,一般,*,*,標準,38
37,0,電極,名詞,一般,*,*,電極,38
38,0,電位,名詞,一般,*,*,電位,38
40,0,線,名詞,接尾,一般,*,線,51
41,0,図,名詞,接尾,一般,*,図,51
42,0,不動態,名詞,固有名詞,一般,*,不動態,41
43,0,複合材料,名詞,固有名詞,一般,*,複合材料,41
44,0,1次,名詞,固有名詞,一般,*,1次,41
45,0,結合,名詞,サ変接続,*,*,結合,36
48,0,結合,名詞,サ変接続,*,*,結合,36
50,0,格子,名詞,一般,*,*,格子,38
51,0,相,名詞,接尾,一般,*,相,51
52,0,平衡,名詞,サ変接続,*,*,平衡,36
53,0,状態図,名詞,固有名詞,一般,*,状態図,41
55,0,相,名詞,一般,*,*,相,38
56,0,図,名詞,接尾,一般,*,図,51
58,0,不変,名詞,一般,*,*,不変,38
59,0,反応,名詞,サ変接続,*,*,反応,36
60,0,恒温,名詞,一般,*,*,恒温,38
61,0,変態,名詞,サ変接続,*,*,変態,36
62,0,共晶,名詞,固有名詞,一般,*,共晶,41
63,0,共,名詞,接尾,一般,*,共,51
65,0,フェライト,名詞,一般,*,*,フェライト,38
66,0,オーステナイト,名詞,固有名詞,一般,*,オーステナイト,41
68,0,欠陥,名詞,一般,*,*,欠陥,38
69,0,転位,名詞,サ変接続,*,*,転位,36
70,0,靭性,名詞,固有名詞,一般,*,靭性,41
71,0,理論,名詞,一般,*,*,理論,38
72,0,強度,名詞,一般,*,*,強度,38
73,0,析出,名詞,サ変接続,*,*,析出,36
74,0,強化,名詞,サ変接続,*,*,強化,36
75,0,応力,名詞,一般,*,*,応力,38
77,0,変態,名詞,サ変接続,*,*,変態,36
78,0,電気化学,名詞,固有名詞,一般,*,電気化学,41
79,0,標準,名詞,一般,*,*,標準,38
80,0,電極,名詞,一般,*,*,電極,38
81,0,電位,名詞,一般,*,*,電位,38
83,0,線,名詞,接尾,一般,*,線,51
84,0,図,名詞,接尾,一般,*,図,51
85,0,不動態,名詞,固有名詞,一般,*,不動態,41
86,0,複合材料,名詞,固有名詞,一般,*,複合材料,41
87,0,1次,名詞,固有名詞,一般,*,1次,41
88,0,結合,名詞,サ変接続,*,*,結合,36
91,0,結合,名詞,サ変接続,*,*,結合,36
93,0,格子,名詞,一般,*,*,格子,38
94,0,相,名詞,接尾,一般,*,相,51
95,0,平衡,名詞,サ変接続,*,*,平衡,36
96,0,状態図,名詞,固有名詞,一般,*,状態図,41
98,0,相,名詞,一般,*,*,相,38
99,0,図,名詞,接尾,一般,*,図,51
101,0,不変,名詞,一般,*,*,不変,38
102,0,反応,名詞,サ変接続,*,*,反応,36
103,0,恒温,名詞,一般,*,*,恒温,38
104,0,変態,名詞,サ変接続,*,*,変態,36
105,0,共晶,名詞,固有名詞,一般,*,共晶,41
106,0,共,名詞,接尾,一般,*,共,51
108,0,フェライト,名詞,一般,*,*,フェライト,38
109,0,オーステナイト,名詞,固有名詞,一般,*,オーステナイト,41
111,0,欠陥,名詞,一般,*,*,欠陥,38
112,0,転位,名詞,サ変接続,*,*,転位,36
113,0,靭性,名詞,固有名詞,一般,*,靭性,41
114,0,理論,名詞,一般,*,*,理論,38
115,0,強度,名詞,一般,*,*,強度,38
116,0,析出,名詞,サ変接続,*,*,析出,36
117,0,強化,名詞,サ変接続,*,*,強化,36
118,0,応力,名詞,一般,*,*,応力,38
120,0,変態,名詞,サ変接続,*,*,変態,36
121,0,電気化学,名詞,固有名詞,一般,*,電気化学,41
122,0,標準,名詞,一般,*,*,標準,38
123,0,電極,名詞,一般,*,*,電極,38
124,0,電位,名詞,一般,*,*,電位,38
126,0,線,名詞,接尾,一般,*,線,51
127,0,図,名詞,接尾,一般,*,図,51
128,0,不動態,名詞,固有名詞,一般,*,不動態,41
129,0,複合材料,名詞,固有名詞,一般,*,複合材料,41
130,0,1次,名詞,固有名詞,一般,*,1次,41
131,0,結合,名詞,サ変接続,*,*,結合,36
134,0,結合,名詞,サ変接続,*,*,結合,36
136,0,格子,名詞,一般,*,*,格子,38
137,0,相,名詞,接尾,一般,*,相,51
138,0,平衡,名詞,サ変接続,*,*,平衡,36
139,0,状態図,名詞,固有名詞,一般,*,状態図,41
141,0,相,名詞,一般,*,*,相,38
142,0,図,名詞,接尾,一般,*,図,51
144,0,不変,名詞,一般,*,*,不変,38
145,0,反応,名詞,サ変接続,*,*,反応,36
146,0,恒温,名詞,一般,*,*,恒温,38
147,0,変態,名詞,サ変接続,*,*,変態,36
148,0,共晶,名詞,固有名詞,一般,*,共晶,41
149,0,共,名詞,接尾,一般,*,共,51
151,0,フェライト,名詞,一般,*,*,フェライト,38
152,0,オーステナイト,名詞,固有名詞,一般,*,オーステナイト,41
154,0,欠陥,名詞,一般,*,*,欠陥,38
155,0,転位,名詞,サ変接続,*,*,転位,36
156,0,靭性,名詞,固有名詞,一般,*,靭性,41
157,0,理論,名詞,一般,*,*,理論,38
158,0,強度,名詞,一般,*,*,強度,38
159,0,析出,名詞,サ変接続,*,*,析出,36
160,0,強化,名詞,サ変接続,*,*,強化,36
161,0,応力,名詞,一般,*,*,応力,38
163,0,変態,名詞,サ変接続,*,*,変態,36
164,0,電気化学,名詞,固有名詞,一般,*,電気化学,41
165,0,標準,名詞,一般,*,*,標準,38
166,0,電極,名詞,一般,*,*,電極,38
167,0,電位,名詞,一般,*,*,電位,38
169,0,線,名詞,接尾,一般,*,線,51
170,0,図,名詞,接尾,一般,*,図,51
171,0,不動態,名詞,固有名詞,一般,*,不動態,41
0,0,複合材料,名詞,固有名詞,一般,*,複合材料,41
1,0,1次,名詞,固有名詞,一般,*,1次,41
2,0,結合,名詞,サ変接続,*,*,結合,36
5,0,結合,名詞,サ変接続,*,*,結合,36
7,0,格子,名詞,一般,*,*,格子,38
8,0,相,名詞,接尾,一般,*,相,51
9,0,平衡,名詞,サ変接続,*,*,平衡,36
10,0,状態図,名詞,固有名詞,一般,*,状態図,41
12,0,相,名詞,一般,*,*,相,38
13,0,図,名詞,接尾,一般,*,図,51
15,0,不変,名詞,一般,*,*,不変,38
16,0,反応,名詞,サ変接続,*,*,反応,36
17,0,恒温,名詞,一般,*,*,恒温,38
18,0,変態,名詞,サ変接続,*,*,変態,36
19,0,共晶,名詞,固有名詞,一般,*,共晶,41
20,0,共,名詞,接尾,一般,*,共,51
22,0,フェライト,名詞,一般,*,*,フェライト,38
23,0,オーステナイト,名詞,固有名詞,一般,*,オーステナイト,41
25,0,欠陥,名詞,一般,*,*,欠陥,38
26,0,転位,名詞,サ変接続,*,*,転位,36
27,0,靭性,名詞,固有名詞,一般,*,靭性,41
28,0,理論,名詞,一般,*,*,理論,38
29,0,強度,名詞,一般,*,*,強度,38
30,0,析出,名詞,サ変接続,*,*,析出,36
31,0,強化,名詞,サ変接続,*,*,強化,36
32,0,応力,名詞,一般,*,*,応力,38
34,0,変態,名詞,サ変接続,*,*,変態,36
35,0,電気化学,名詞,固有名詞,一般,*,電気化学,41
36,0,標準,名詞,一般,*,*,標準,38
37,0,電極,名詞,一般,*,*,電極,38
38,0,電位,名詞,一般,*,*,電位,38
40,0,線,名詞,接尾,一般,*,線,51
41,0,図,名詞,接尾,一般,*,図,51
42,0,不動態,名詞,固有名詞,一般,*,不動態,41
43,0,複合材料,名詞,固有名詞,一般,*,複合材料,41
44,0,1次,名詞,固有名詞,一般,*,1次,41
45,0,結合,名詞,サ変接続,*,*,結合,36
48,0,結合,名詞,サ変接続,*,*,結合,36
50,0,格子,名詞,一般,*,*,格子,38
51,0,相,名詞,接尾,一般,*,相,51
52,0,平衡,名詞,サ変接続,*,*,平衡,36
53,0,状態図,名詞,固有名詞,一般,*,状態図,41
55,0,相,名詞,一般,*,*,相,38
56,0,図,名詞,接尾,一般,*,図,51
58,0,不変,名詞,一般,*,*,不変,38
59,0,反応,名詞,サ変接続,*,*,反応,36
60,0,恒温,名詞,一般,*,*,恒温,38
61,0,変態,名詞,サ変接続,*,*,変態,36
62,0,共晶,名詞,固有名詞,一般,*,共晶,41
63,0,共,名詞,接尾,一般,*,共,51
65,0,フェライト,名詞,一般,*,*,フェライト,38
66,0,オーステナイト,名詞,固有名詞,一般,*,オーステナイト,41
68,0,欠陥,名詞,一般,*,*,欠陥,38
69,0,転位,名詞,サ変接続,*,*,転位,36
70,0,靭性,名詞,固有名詞,一般,*,靭性,41
71,0,理論,名詞,一般,*,*,理論,38
72,0,強度,名詞,一般,*,*,強度,38
73,0,析出,名詞,サ変接続,*,*,析出,36
74,0,強化,名詞,サ変接続,*,*,強化,36
75,0,応力,名詞,一般,*,*,応力,38
77,0,変態,名詞,サ変接続,*,*,変態,36
78,0,電気化学,名詞,固有名詞,一般,*,電気化学,41
79,0,標準,名詞,一般,*,*,標準,38
80,0,電極,名詞,一般,*,*,電極,38
81,0,電位,名詞,一般,*,*,電位,38
83,0,線,名詞,接尾,一般,*,線,51
84,0,図,名詞,接尾,一般,*,図,51
85,0,不動態,名詞,固有名詞,一般,*,不動態,41
86,0,複合材料,名詞,固有名詞,一般,*,複合材料,41
87,0,1次,名詞,固有名詞,一般,*,1次,41
88,0,結合,名詞,サ変接続,*,*,結合,36
91,0,結合,名詞,サ変接続,*,*,結合,36
93,0,格子,名詞,一般,*,*,格子,38
94,0,相,名詞,接尾,一般,*,相,51
95,0,平衡,名詞,サ変接続,*,*,平衡,36
96,0,状態図,名詞,固有名詞,一般,*,状態図,41
98,0,相,名詞,一般,*,*,相,38
99,0,図,名詞,接尾,一般,*,図,51
101,0,不変,名詞,一般,*,*,不変,38
102,0,反応,名詞,サ変接続,*,*,反応,36
103,0,恒温,名詞,一般,*,*,恒温,38
104,0,変態,名詞,サ変接続,*,*,変態,36
105,0,共晶,名詞,固有名詞,一般,*,共晶,41
106,0,共,名詞,接尾,一般,*,共,51
108,0,フェライト,名詞,一般,*,*,フェライト,38
109,0,オーステナイト,名詞,固有名詞,一般,*,オーステナイト,41
111,0,欠陥,名詞,一般,*,*,欠陥,38
112,0,転位,名詞,サ変接続,*,*,転位,36
113,0,靭性,名詞,固有名詞,一般,*,靭性,41
114,0,理論,名詞,一般,*,*,理論,38
115,0,強度,名詞,一般,*,*,強度,38
116,0,析出,名詞,サ変接続,*,*,析出,36
117,0,強化,名詞,サ変接続,*,*,強化,36
118,0,応力,名詞,一般,*,*,応力,38
120,0,変態,名詞,サ変接続,*,*,変態,36
121,0,電気化学,名詞,固有名詞,一般,*,電気化学,41
122,0,標準,名詞,一般,*,*,標準,38
123,0,電極,名詞,一般,*,*,電極,38
124,0,電位,名詞,一般,*,*,電位,38
126,0,線,名詞,接尾,一般,*,線,51
127,0,図,名詞,接尾,一般,*,図,51
128,0,不動態,名詞,固有名詞,一般,*,不動態,41
129,0,複合材料,名詞,固有名詞,一般,*,複合材料,41
130,0,1次,名詞,固有名詞,一般,*,1次,41
131,0,結合,名詞,サ変接続,*,*,結合,36
134,0,結合,名詞,サ変接続,*,*,結合,36
136,0,格子,名詞,一般,*,*,格子,38
137,0,相,名詞,接尾,一般,*,相,51
138,0,平衡,名詞,サ変接続,*,*,平衡,36
139,0,状態図,名詞,固有名詞,一般,*,状態図,41
141,0,相,名詞,一般,*,*,相,38
142,0,図,名詞,接尾,一般,*,図,51
144,0,不変,名詞,一般,*,*,不変,38
145,0,反応,名詞,サ変接続,*,*,反応,36
146,0,恒温,名詞,一般,*,*,恒温,38
147,0,変態,名詞,サ変接続,*,*,変態,36
148,0,共晶,名詞,固有名詞,一般,*,共晶,41
149,0,共,名詞,接尾,一般,*,共,51
151,0,フェライト,名詞,一般,*,*,フェライト,38
152,0,オーステナイト,名詞,固有名詞,一般,*,オーステナイト,41
154,0,欠陥,名詞,一般,*,*,欠陥,38
155,0,転位,名詞,サ変接続,*,*,転位,36
156,0,靭性,名詞,固有名詞,一般,*,靭性,41
157,0,理論,名詞,一般,*,*,理論,38
158,0,強度,名詞,一般,*,*,強度,38
159,0,析出,名詞,サ変接続,*,*,析出,36
160,0,強化,名詞,サ変接続,*,*,強化,36
161,0,応力,名詞,一般,*,*,応力,38
163,0,変態,名詞,サ変接続,*,*,変態,36
164,0,電気化学,名詞,固有名詞,一般,*,電気化学,41
165,0,標準,名詞,一般,*,*,標準,38
166,0,電極,名詞,一般,*,*,電極,38
167,0,電位,名詞,一般,*,*,電位,38
169,0,線,名詞,接尾,一般,*,線,51
170,0,図,名詞,接尾,一般,*,図,51
171,0,不動態,名詞,固有名詞,一般,*,不動態,41
0,0,複合材料,名詞,固有名詞,一般,*,複合材料,41
1,0,1次,名詞,固有名詞,一般,*,1次,41
2,0,結合,名詞,サ変接続,*,*,結合,36
5,0,結合,名詞,サ変接続,*,*,結合,36
7,0,格子,名詞,一般,*,*,格子,38
8,0,相,名詞,接尾,一般,*,相,51
9,0,平衡,名詞,サ変接続,*,*,平衡,36
10,0,状態図,名詞,固有名詞,一般,*,状態図,41
12,0,相,名詞,一般,*,*,相,38
13,0,図,名詞,接尾,一般,*,図,51
15,0,不変,名詞,一般,*,*,不変,38
16,0,反応,名詞,サ変接続,*,*,反応,36
17,0,恒温,名詞,一般,*,*,恒温,38
18,0,変態,名詞,サ変接続,*,*,変態,36
19,0,共晶,名詞,固有名詞,一般,*,共晶,41
20,0,共,名詞,接尾,一般,*,共,51
22,0,フェライト,名詞,一般,*,*,フェライト,38
23,0,オーステナイト,名詞,固有名詞,一般,*,オーステナイト,41
25,0,欠陥,名詞,一般,*,*,欠陥,38
26,0,転位,名詞,サ変接続,*,*,転位,36
27,0,靭性,名詞,固有名詞,一般,*,靭性,41
28,0,理論,名詞,一般,*,*,理論,38
29,0,強度,名詞,一般,*,*,強度,38
30,0,析出,名詞,サ変接続,*,*,析出,36
31,0,強化,名詞,サ変接続,*,*,強化,36
32,0,応力,名詞,一般,*,*,応力,38
34,0,変態,名詞,サ変接続,*,*,変態,36
35,0,電気化学,名詞,固有名詞,一般,*,電気化学,41
36,0,標準,名詞,一般,*,*,標準,38
37,0,電極,名詞,一般,*,*,電極,38
38,0,電位,名詞,一般,*,*,電位,38
40,0,線,名詞,接尾,一般,*,線,51
41,0,図,名詞,接尾,一般,*,図,51
42,0,不動態,名詞,固有名詞,一般,*,不動態,41
43,0,複合材料,名詞,固有名詞,一般,*,複合材料,41
44,0,1次,名詞,固有名詞,一般,*,1次,41
45,0,結合,名詞,サ変接続,*,*,結合,36
48,0,結合,名詞,サ変接続,*,*,結合,36
50,0,格子,名詞,一般,*,*,格子,38
51,0,相,名詞,接尾,一般,*,相,51
52,0,平衡,名詞,サ変接続,*,*,平衡,36
53,0,状態図,名詞,固有名詞,一般,*,状態図,41
55,0,相,名詞,一般,*,*,相,38
56,0,図,名詞,接尾,一般,*,図,51
58,0,不変,名詞,一般,*,*,不変,38
59,0,反応,名詞,サ変接続,*,*,反応,36
60,0,恒温,名詞,一般,*,*,恒温,38
61,0,変態,名詞,サ変接続,*,*,変態,36
62,0,共晶,名詞,固有名詞,一般,*,共晶,41
63,0,共,名詞,接尾,一般,*,共,51
65,0,フェライト,名詞,一般,*,*,フェライト,38
66,0,オーステナイト,名詞,固有名詞,一般,*,オーステナイト,41
68,0,欠陥,名詞,一般,*,*,欠陥,38
69,0,転位,名詞,サ変接続,*,*,転位,36
70,0,靭性,名詞,固有名詞,一般,*,靭性,41
71,0,理論,名詞,一般,*,*,理論,38
72,0,強度,名詞,一般,*,*,強度,38
73,0,析出,名詞,サ変接続,*,*,析出,36
74,0,強化,名詞,サ変接続,*,*,強化,36
75,0,応力,名詞,一般,*,*,応力,38
77,0,変態,名詞,サ変接続,*,*,変態,36
78,0,電気化学,名詞,固有名詞,一般,*,電気化学,41
79,0,標準,名詞,一般,*,*,標準,38
80,0,電極,名詞,一般,*,*,電極,38
81,0,電位,名詞,一般,*,*,電位,38
83,0,線,名詞,接尾,一般,*,線,51
84,0,図,名詞,接尾,一般,*,図,51
85,0,不動態,名詞,固有名詞,一般,*,不動態,41
86,0,複合材料,名詞,固有名詞,一般,*,複合材料,41
87,0,1次,名詞,固有名詞,一般,*,1次,41
88,0,結合,名詞,サ変接続,*,*,結合,36
91,0,結合,名詞,サ変接続,*,*,結合,36
93,0,格子,名詞,一般,*,*,格子,38
94,0,相,名詞,接尾,一般,*,相,51
95,0,平衡,名詞,サ変接続,*,*,平衡,36
96,0,状態図,名詞,固有名詞,一般,*,状態図,41
98,0,相,名詞,一般,*,*,相,38
99,0,図,名詞,接尾,一般,*,図,51
101,0,不変,名詞,一般,*,*,不変,38
102,0,反応,名詞,サ変接続,*,*,反応,36
103,0,恒温,名詞,一般,*,*,恒温,38
104,0,変態,名詞,サ変接続,*,*,変態,36
105,0,共晶,名詞,固有名詞,一般,*,共晶,41
106,0,共,名詞,接尾,一般,*,共,51
108,0,フェライト,名詞,一般,*,*,フェライト,38
109,0,オーステナイト,名詞,固有名詞,一般,*,オーステナイト,41
111,0,欠陥,名詞,一般,*,*,欠陥,38
112,0,転位,名詞,サ変接続,*,*,転位,36
113,0,靭性,名詞,固有名詞,一般,*,靭性,41
114,0,理論,名詞,一般,*,*,理論,38
115,0,強度,名詞,一般,*,*,強度,38
116,0,析出,名詞,サ変接続,*,*,析出,36
117,0,強化,名詞,サ変接続,*,*,強化,36
118,0,応力,名詞,一般,*,*,応力,38
120,0,変態,名詞,サ変接続,*,*,変態,36
121,0,電気化学,名詞,固有名詞,一般,*,電気化学,41
122,0,標準,名詞,一般,*,*,標準,38
123,0,電極,名詞,一般,*,*,電極,38
124,0,電位,名詞,一般,*,*,電位,38
126,0,線,名詞,接尾,一般,*,線,51
127,0,図,名詞,接尾,一般,*,図,51
128,0,不動態,名詞,固有名詞,一般,*,不動態,41
129,0,複合材料,名詞,固有名詞,一般,*,複合材料,41
130,0,1次,名詞,固有名詞,一般,*,1次,41
131,0,結合,名詞,サ変接続,*,*,結合,36
134,0,結合,名詞,サ変接続,*,*,結合,36
136,0,格子,名詞,一般,*,*,格子,38
137,0,相,名詞,接尾,一般,*,相,51
138,0,平衡,名詞,サ変接続,*,*,平衡,36
139,0,状態図,名詞,固有名詞,一般,*,状態図,41
141,0,相,名詞,一般,*,*,相,38
142,0,図,名詞,接尾,一般,*,図,51
144,0,不変,名詞,一般,*,*,不変,38
145,0,反応,名詞,サ変接続,*,*,反応,36
146,0,恒温,名詞,一般,*,*,恒温,38
147,0,変態,名詞,サ変接続,*,*,変態,36
148,0,共晶,名詞,固有名詞,一般,*,共晶,41
149,0,共,名詞,接尾,一般,*,共,51
151,0,フェライト,名詞,一般,*,*,フェライト,38
152,0,オーステナイト,名詞,固有名詞,一般,*,オーステナイト,41
154,0,欠陥,名詞,一般,*,*,欠陥,38
155,0,転位,名詞,サ変接続,*,*,転位,36
156,0,靭性,名詞,固有名詞,一般,*,靭性,41
157,0,理論,名詞,一般,*,*,理論,38
158,0,強度,名詞,一般,*,*,強度,38
159,0,析出,名詞,サ変接続,*,*,析出,36
160,0,強化,名詞,サ変接続,*,*,強化,36
161,0,応力,名詞,一般,*,*,応力,38
163,0,変態,名詞,サ変接続,*,*,変態,36
164,0,電気化学,名詞,固有名詞,一般,*,電気化学,41
165,0,標準,名詞,一般,*,*,標準,38
166,0,電極,名詞,一般,*,*,電極,38
167,0,電位,名詞,一般,*,*,電位,38
169,0,線,名詞,接尾,一般,*,線,51
170,0,図,名詞,接尾,一般,*,図,51
171,0,不動態,名詞,固有名詞,一般,*,不動態,41
0,0,化学,名詞,一般,*,*,化学,38
1,0,装置,名詞,サ変接続,*,*,装置,36
2,0,設計,名詞,サ変接続,*,*,設計,36
3,0,化学,名詞,一般,*,*,化学,38
4,0,装置,名詞,サ変接続,*,*,装置,36
5,0,設計,名詞,サ変接続,*,*,設計,36
6,0,特,名詞,一般,*,*,特,38
7,0,論,名詞,接尾,一般,*,論,51
8,0,化学,名詞,一般,*,*,化学,38
9,0,装置,名詞,サ変接続,*,*,装置,36
10,0,設計,名詞,サ変接続,*,*,設計,36
11,0,化学,名詞,一般,*,*,化学,38
12,0,装置,名詞,サ変接続,*,*,装置,36
13,0,設計,名詞,サ変接続,*,*,設計,36
14,0,特,名詞,一般,*,*,特,38
15,0,論,名詞,接尾,一般,*,論,51
16,0,化学,名詞,一般,*,*,化学,38
17,0,装置,名詞,サ変接続,*,*,装置,36
18,0,設計,名詞,サ変接続,*,*,設計,36
19,0,化学,名詞,一般,*,*,化学,38
20,0,装置,名詞,サ変接続,*,*,装置,36
21,0,設計,名詞,サ変接続,*,*,設計,36
22,0,特,名詞,一般,*,*,特,38
23,0,論,名詞,接尾,一般,*,論,51
24,0,化学,名詞,一般,*,*,化学,38
25,0,装置,名詞,サ変接続,*,*,装置,36
26,0,設計,名詞,サ変接続,*,*,設計,36
27,0,化学,名詞,一般,*,*,化学,38
28,0,装置,名詞,サ変接続,*,*,装置,36
29,0,設計,名詞,サ変接続,*,*,設計,36
30,0,特,名詞,一般,*,*,特,38
31,0,論,名詞,接尾,一般,*,論,51
0,0,無機化学,名詞,固有名詞,一般,*,無機化学,41
2,0,材料,名詞,一般,*,*,材料,38
3,0,科学,名詞,一般,*,*,科学,38
6,0,無機化学,名詞,固有名詞,一般,*,無機化学,41
8,0,材料,名詞,一般,*,*,材料,38
9,0,科学,名詞,一般,*,*,科学,38
12,0,無機化学,名詞,固有名詞,一般,*,無機化学,41
14,0,材料,名詞,一般,*,*,材料,38
15,0,科学,名詞,一般,*,*,科学,38
18,0,無機化学,名詞,固有名詞,一般,*,無機化学,41
20,0,材料,名詞,一般,*,*,材料,38
21,0,科学,名詞,一般,*,*,科学,38
0,0,無機化学,名詞,固有名詞,一般,*,無機化学,41
2,0,材料,名詞,一般,*,*,材料,38
3,0,科学,名詞,一般,*,*,科学,38
6,0,無機化学,名詞,固有名詞,一般,*,無機化学,41
8,0,材料,名詞,一般,*,*,材料,38
9,0,科学,名詞,一般,*,*,科学,38
12,0,無機化学,名詞,固有名詞,一般,*,無機化学,41
14,0,材料,名詞,一般,*,*,材料,38
15,0,科学,名詞,一般,*,*,科学,38
18,0,無機化学,名詞,固有名詞,一般,*,無機化学,41
20,0,材料,名詞,一般,*,*,材料,38
21,0,科学,名詞,一般,*,*,科学,38
0,0,無機化学,名詞,固有名詞,一般,*,無機化学,41
2,0,材料,名詞,一般,*,*,材料,38
3,0,科学,名詞,一般,*,*,科学,38
6,0,無機化学,名詞,固有名詞,一般,*,無機化学,41
8,0,材料,名詞,一般,*,*,材料,38
9,0,科学,名詞,一般,*,*,科学,38
12,0,無機化学,名詞,固有名詞,一般,*,無機化学,41
14,0,材料,名詞,一般,*,*,材料,38
15,0,科学,名詞,一般,*,*,科学,38
18,0,無機化学,名詞,固有名詞,一般,*,無機化学,41
20,0,材料,名詞,一般,*,*,材料,38
21,0,科学,名詞,一般,*,*,科学,38
0,0,無機化学,名詞,固有名詞,一般,*,無機化学,41
2,0,材料,名詞,一般,*,*,材料,38
3,0,科学,名詞,一般,*,*,科学,38
6,0,無機化学,名詞,固有名詞,一般,*,無機化学,41
8,0,材料,名詞,一般,*,*,材料,38
9,0,科学,名詞,一般,*,*,科学,38
12,0,無機化学,名詞,固有名詞,一般,*,無機化学,41
14,0,材料,名詞,一般,*,*,材料,38
15,0,科学,名詞,一般,*,*,科学,38
18,0,無機化学,名詞,固有名詞,一般,*,無機化学,41
20,0,材料,名詞,一般,*,*,材料,38
21,0,科学,名詞,一般,*,*,科学,38
0,0,無機化学,名詞,固有名詞,一般,*,無機化学,41
2,0,材料,名詞,一般,*,*,材料,38
3,0,科学,名詞,一般,*,*,科学,38
6,0,無機化学,名詞,固有名詞,一般,*,無機化学,41
8,0,材料,名詞,一般,*,*,材料,38
9,0,科学,名詞,一般,*,*,科学,38
12,0,無機化学,名詞,固有名詞,一般,*,無機化学,41
14,0,材料,名詞,一般,*,*,材料,38
15,0,科学,名詞,一般,*,*,科学,38
18,0,無機化学,名詞,固有名詞,一般,*,無機化学,41
20,0,材料,名詞,一般,*,*,材料,38
21,0,科学,名詞,一般,*,*,科学,38
0,0,無機化学,名詞,固有名詞,一般,*,無機化学,41
2,0,材料,名詞,一般,*,*,材料,38
3,0,科学,名詞,一般,*,*,科学,38
6,0,無機化学,名詞,固有名詞,一般,*,無機化学,41
8,0,材料,名詞,一般,*,*,材料,38
9,0,科学,名詞,一般,*,*,科学,38
12,0,無機化学,名詞,固有名詞,一般,*,無機化学,41
14,0,材料,名詞,一般,*,*,材料,38
15,0,科学,名詞,一般,*,*,科学,38
18,0,無機化学,名詞,固有名詞,一般,*,無機化学,41
20,0,材料,名詞,一般,*,*,材料,38
21,0,科学,名詞,一般,*,*,科学,38
0,0,無機化学,名詞,固有名詞,一般,*,無機化学,41
2,0,材料,名詞,一般,*,*,材料,38
3,0,科学,名詞,一般,*,*,科学,38
6,0,無機化学,名詞,固有名詞,一般,*,無機化学,41
8,0,材料,名詞,一般,*,*,材料,38
9,0,科学,名詞,一般,*,*,科学,38
12,0,無機化学,名詞,固有名詞,一般,*,無機化学,41
14,0,材料,名詞,一般,*,*,材料,38
15,0,科学,名詞,一般,*,*,科学,38
18,0,無機化学,名詞,固有名詞,一般,*,無機化学,41
20,0,材料,名詞,一般,*,*,材料,38
21,0,科学,名詞,一般,*,*,科学,38
0,0,材料,名詞,一般,*,*,材料,38
1,0,科学,名詞,一般,*,*,科学,38
2,0,概論,名詞,サ変接続,*,*,概論,36
4,0,材料,名詞,一般,*,*,材料,38
6,0,種類,名詞,一般,*,*,種類,38
8,0,特徴,名詞,一般,*,*,特徴,38
9,0,比強度,名詞,固有名詞,一般,*,比強度,41
10,0,演習,名詞,サ変接続,*,*,演習,36
11,0,固体,名詞,一般,*,*,固体,38
13,0,変形,名詞,サ変接続,*,*,変形,36
15,0,破壊,名詞,サ変接続,*,*,破壊,36
17,0,強化,名詞,サ変接続,*,*,強化,36
18,0,法,名詞,接尾,一般,*,法,51
19,0,繊維,名詞,一般,*,*,繊維,38
20,0,強化,名詞,サ変接続,*,*,強化,36
21,0,演習,名詞,サ変接続,*,*,演習,36
23,0,理論,名詞,一般,*,*,理論,38
24,0,強度,名詞,一般,*,*,強度,38
25,0,宿題,名詞,サ変接続,*,*,宿題,36
26,0,材料,名詞,一般,*,*,材料,38
28,0,腐食,名詞,サ変接続,*,*,腐食,36
30,0,防食,名詞,一般,*,*,防食,38
31,0,腐食,名詞,サ変接続,*,*,腐食,36
32,0,防食,名詞,一般,*,*,防食,38
33,0,演習,名詞,サ変接続,*,*,演習,36
34,0,固体,名詞,一般,*,*,固体,38
36,0,結合,名詞,サ変接続,*,*,結合,36
38,0,原子,名詞,一般,*,*,原子,38
39,0,配列,名詞,サ変接続,*,*,配列,36
41,0,結晶,名詞,サ変接続,*,*,結晶,36
42,0,結晶,名詞,サ変接続,*,*,結晶,36
43,0,格子,名詞,一般,*,*,格子,38
44,0,演習,名詞,サ変接続,*,*,演習,36
45,0,相,名詞,接尾,一般,*,相,51
46,0,平衡,名詞,サ変接続,*,*,平衡,36
48,0,状態図,名詞,固有名詞,一般,*,状態図,41
49,0,相,名詞,接尾,一般,*,相,51
50,0,律,名詞,一般,*,*,律,38
51,0,演習,名詞,サ変接続,*,*,演習,36
52,0,不変,名詞,一般,*,*,不変,38
53,0,反応,名詞,サ変接続,*,*,反応,36
55,0,状態図,名詞,固有名詞,一般,*,状態図,41
56,0,状態図,名詞,固有名詞,一般,*,状態図,41
57,0,演習,名詞,サ変接続,*,*,演習,36
58,0,炭素鋼,名詞,固有名詞,一般,*,炭素鋼,41
60,0,状態図,名詞,固有名詞,一般,*,状態図,41
61,0,亜,名詞,固有名詞,地域,一般,亜,46
62,0,共,名詞,接尾,一般,*,共,51
66,0,共,名詞,一般,*,*,共,38
69,0,変態,名詞,サ変接続,*,*,変態,36
70,0,演習,名詞,サ変接続,*,*,演習,36
71,0,炭素鋼,名詞,固有名詞,一般,*,炭素鋼,41
73,0,熱処理,名詞,サ変接続,*,*,熱処理,36
74,0,熱処理,名詞,サ変接続,*,*,熱処理,36
75,0,演習,名詞,サ変接続,*,*,演習,36
76,0,材料,名詞,一般,*,*,材料,38
77,0,科学,名詞,一般,*,*,科学,38
78,0,概論,名詞,サ変接続,*,*,概論,36
80,0,材料,名詞,一般,*,*,材料,38
82,0,種類,名詞,一般,*,*,種類,38
84,0,特徴,名詞,一般,*,*,特徴,38
85,0,比強度,名詞,固有名詞,一般,*,比強度,41
86,0,演習,名詞,サ変接続,*,*,演習,36
87,0,固体,名詞,一般,*,*,固体,38
89,0,変形,名詞,サ変接続,*,*,変形,36
91,0,破壊,名詞,サ変接続,*,*,破壊,36
93,0,強化,名詞,サ変接続,*,*,強化,36
94,0,法,名詞,接尾,一般,*,法,51
95,0,繊維,名詞,一般,*,*,繊維,38
96,0,強化,名詞,サ変接続,*,*,強化,36
97,0,演習,名詞,サ変接続,*,*,演習,36
99,0,理論,名詞,一般,*,*,理論,38
100,0,強度,名詞,一般,*,*,強度,38
101,0,宿題,名詞,サ変接続,*,*,宿題,36
102,0,材料,名詞,一般,*,*,材料,38
104,0,腐食,名詞,サ変接続,*,*,腐食,36
106,0,防食,名詞,一般,*,*,防食,38
107,0,腐食,名詞,サ変接続,*,*,腐食,36
108,0,防食,名詞,一般,*,*,防食,38
109,0,演習,名詞,サ変接続,*,*,演習,36
110,0,固体,名詞,一般,*,*,固体,38
112,0,結合,名詞,サ変接続,*,*,結合,36
114,0,原子,名詞,一般,*,*,原子,38
115,0,配列,名詞,サ変接続,*,*,配列,36
117,0,結晶,名詞,サ変接続,*,*,結晶,36
118,0,結晶,名詞,サ変接続,*,*,結晶,36
119,0,格子,名詞,一般,*,*,格子,38
120,0,演習,名詞,サ変接続,*,*,演習,36
121,0,相,名詞,接尾,一般,*,相,51
122,0,平衡,名詞,サ変接続,*,*,平衡,36
124,0,状態図,名詞,固有名詞,一般,*,状態図,41
125,0,相,名詞,接尾,一般,*,相,51
126,0,律,名詞,一般,*,*,律,38
127,0,演習,名詞,サ変接続,*,*,演習,36
128,0,不変,名詞,一般,*,*,不変,38
129,0,反応,名詞,サ変接続,*,*,反応,36
131,0,状態図,名詞,固有名詞,一般,*,状態図,41
132,0,状態図,名詞,固有名詞,一般,*,状態図,41
133,0,演習,名詞,サ変接続,*,*,演習,36
134,0,炭素鋼,名詞,固有名詞,一般,*,炭素鋼,41
136,0,状態図,名詞,固有名詞,一般,*,状態図,41
137,0,亜,名詞,固有名詞,地域,一般,亜,46
138,0,共,名詞,接尾,一般,*,共,51
142,0,共,名詞,一般,*,*,共,38
145,0,変態,名詞,サ変接続,*,*,変態,36
146,0,演習,名詞,サ変接続,*,*,演習,36
147,0,炭素鋼,名詞,固有名詞,一般,*,炭素鋼,41
149,0,熱処理,名詞,サ変接続,*,*,熱処理,36
150,0,熱処理,名詞,サ変接続,*,*,熱処理,36
151,0,演習,名詞,サ変接続,*,*,演習,36
152,0,材料,名詞,一般,*,*,材料,38
153,0,科学,名詞,一般,*,*,科学,38
154,0,概論,名詞,サ変接続,*,*,概論,36
156,0,材料,名詞,一般,*,*,材料,38
158,0,種類,名詞,一般,*,*,種類,38
160,0,特徴,名詞,一般,*,*,特徴,38
161,0,比強度,名詞,固有名詞,一般,*,比強度,41
162,0,演習,名詞,サ変接続,*,*,演習,36
163,0,固体,名詞,一般,*,*,固体,38
165,0,結合,名詞,サ変接続,*,*,結合,36
167,0,原子,名詞,一般,*,*,原子,38
168,0,配列,名詞,サ変接続,*,*,配列,36
170,0,結晶,名詞,サ変接続,*,*,結晶,36
171,0,結晶,名詞,サ変接続,*,*,結晶,36
172,0,格子,名詞,一般,*,*,格子,38
173,0,演習,名詞,サ変接続,*,*,演習,36
174,0,相,名詞,接尾,一般,*,相,51
175,0,平衡,名詞,サ変接続,*,*,平衡,36
177,0,状態図,名詞,固有名詞,一般,*,状態図,41
178,0,相,名詞,接尾,一般,*,相,51
179,0,律,名詞,一般,*,*,律,38
180,0,演習,名詞,サ変接続,*,*,演習,36
181,0,不変,名詞,一般,*,*,不変,38
182,0,反応,名詞,サ変接続,*,*,反応,36
184,0,状態図,名詞,固有名詞,一般,*,状態図,41
185,0,状態図,名詞,固有名詞,一般,*,状態図,41
186,0,演習,名詞,サ変接続,*,*,演習,36
187,0,炭素鋼,名詞,固有名詞,一般,*,炭素鋼,41
189,0,状態図,名詞,固有名詞,一般,*,状態図,41
190,0,亜,名詞,固有名詞,地域,一般,亜,46
191,0,共,名詞,接尾,一般,*,共,51
195,0,共,名詞,一般,*,*,共,38
198,0,変態,名詞,サ変接続,*,*,変態,36
199,0,演習,名詞,サ変接続,*,*,演習,36
200,0,炭素鋼,名詞,固有名詞,一般,*,炭素鋼,41
202,0,熱処理,名詞,サ変接続,*,*,熱処理,36
203,0,熱処理,名詞,サ変接続,*,*,熱処理,36
204,0,演習,名詞,サ変接続,*,*,演習,36
205,0,固体,名詞,一般,*,*,固体,38
207,0,変形,名詞,サ変接続,*,*,変形,36
209,0,破壊,名詞,サ変接続,*,*,破壊,36
211,0,強化,名詞,サ変接続,*,*,強化,36
212,0,法,名詞,接尾,一般,*,法,51
213,0,繊維,名詞,一般,*,*,繊維,38
214,0,強化,名詞,サ変接続,*,*,強化,36
215,0,演習,名詞,サ変接続,*,*,演習,36
217,0,理論,名詞,一般,*,*,理論,38
218,0,強度,名詞,一般,*,*,強度,38
219,0,宿題,名詞,サ変接続,*,*,宿題,36
220,0,材料,名詞,一般,*,*,材料,38
222,0,腐食,名詞,サ変接続,*,*,腐食,36
224,0,防食,名詞,一般,*,*,防食,38
225,0,腐食,名詞,サ変接続,*,*,腐食,36
226,0,防食,名詞,一般,*,*,防食,38
227,0,演習,名詞,サ変接続,*,*,演習,36
228,0,材料,名詞,一般,*,*,材料,38
229,0,科学,名詞,一般,*,*,科学,38
230,0,概論,名詞,サ変接続,*,*,概論,36
232,0,材料,名詞,一般,*,*,材料,38
234,0,種類,名詞,一般,*,*,種類,38
236,0,特徴,名詞,一般,*,*,特徴,38
237,0,比強度,名詞,固有名詞,一般,*,比強度,41
238,0,演習,名詞,サ変接続,*,*,演習,36
239,0,固体,名詞,一般,*,*,固体,38
241,0,結合,名詞,サ変接続,*,*,結合,36
243,0,原子,名詞,一般,*,*,原子,38
244,0,配列,名詞,サ変接続,*,*,配列,36
246,0,結晶,名詞,サ変接続,*,*,結晶,36
247,0,結晶,名詞,サ変接続,*,*,結晶,36
248,0,格子,名詞,一般,*,*,格子,38
249,0,演習,名詞,サ変接続,*,*,演習,36
250,0,相,名詞,接尾,一般,*,相,51
251,0,平衡,名詞,サ変接続,*,*,平衡,36
253,0,状態図,名詞,固有名詞,一般,*,状態図,41
254,0,相,名詞,接尾,一般,*,相,51
255,0,律,名詞,一般,*,*,律,38
256,0,演習,名詞,サ変接続,*,*,演習,36
258,0,三角,名詞,一般,*,*,三角,38
259,0,図,名詞,接尾,一般,*,図,51
260,0,宿題,名詞,サ変接続,*,*,宿題,36
261,0,不変,名詞,一般,*,*,不変,38
262,0,反応,名詞,サ変接続,*,*,反応,36
264,0,状態図,名詞,固有名詞,一般,*,状態図,41
265,0,状態図,名詞,固有名詞,一般,*,状態図,41
266,0,演習,名詞,サ変接続,*,*,演習,36
268,0,炭素鋼,名詞,固有名詞,一般,*,炭素鋼,41
270,0,状態図,名詞,固有名詞,一般,*,状態図,41
271,0,亜,名詞,固有名詞,地域,一般,亜,46
272,0,共,名詞,接尾,一般,*,共,51
276,0,共,名詞,一般,*,*,共,38
279,0,変態,名詞,サ変接続,*,*,変態,36
280,0,演習,名詞,サ変接続,*,*,演習,36
281,0,炭素鋼,名詞,固有名詞,一般,*,炭素鋼,41
283,0,熱処理,名詞,サ変接続,*,*,熱処理,36
284,0,熱処理,名詞,サ変接続,*,*,熱処理,36
285,0,演習,名詞,サ変接続,*,*,演習,36
286,0,固体,名詞,一般,*,*,固体,38
288,0,変形,名詞,サ変接続,*,*,変形,36
290,0,破壊,名詞,サ変接続,*,*,破壊,36
292,0,強化,名詞,サ変接続,*,*,強化,36
293,0,法,名詞,接尾,一般,*,法,51
294,0,繊維,名詞,一般,*,*,繊維,38
295,0,強化,名詞,サ変接続,*,*,強化,36
296,0,演習,名詞,サ変接続,*,*,演習,36
298,0,理論,名詞,一般,*,*,理論,38
299,0,強度,名詞,一般,*,*,強度,38
300,0,宿題,名詞,サ変接続,*,*,宿題,36
301,0,材料,名詞,一般,*,*,材料,38
303,0,腐食,名詞,サ変接続,*,*,腐食,36
305,0,防食,名詞,一般,*,*,防食,38
306,0,腐食,名詞,サ変接続,*,*,腐食,36
307,0,防食,名詞,一般,*,*,防食,38
308,0,演習,名詞,サ変接続,*,*,演習,36
