Unnamed: 0,文番号,表層,品詞1,品詞2,品詞3,品詞4,原型,posID
1,0,講義,名詞,サ変接続,*,*,講義,36
3,0,履修,名詞,サ変接続,*,*,履修,36
7,0,次,名詞,一般,*,*,次,38
9,0,能力,名詞,一般,*,*,能力,38
11,0,修得,名詞,サ変接続,*,*,修得,36
16,0,アミノ酸,名詞,一般,*,*,アミノ酸,38
19,0,タンパク質,名詞,一般,*,*,タンパク質,38
21,0,化学構造,名詞,固有名詞,一般,*,化学構造,41
23,0,立体,名詞,一般,*,*,立体,38
24,0,構造,名詞,一般,*,*,構造,38
26,0,説明,名詞,サ変接続,*,*,説明,36
27,0,できる,動詞,自立,*,*,できる,31
31,0,タンパク質,名詞,一般,*,*,タンパク質,38
33,0,基本,名詞,一般,*,*,基本,38
34,0,的,名詞,接尾,形容動詞語幹,*,的,52
36,0,性質,名詞,一般,*,*,性質,38
38,0,構造,名詞,一般,*,*,構造,38
40,0,機能,名詞,サ変接続,*,*,機能,36
42,0,関係,名詞,サ変接続,*,*,関係,36
44,0,理解,名詞,サ変接続,*,*,理解,36
47,0,タンパク質,名詞,一般,*,*,タンパク質,38
49,0,研究,名詞,サ変接続,*,*,研究,36
50,0,法,名詞,接尾,一般,*,法,51
52,0,説明,名詞,サ変接続,*,*,説明,36
53,0,できる,動詞,自立,*,*,できる,31
57,0,核酸,名詞,一般,*,*,核酸,38
59,0,構造,名詞,一般,*,*,構造,38
61,0,機能,名詞,サ変接続,*,*,機能,36
63,0,理解,名詞,サ変接続,*,*,理解,36
66,0,遺伝子発現,名詞,固有名詞,一般,*,遺伝子発現,41
68,0,制御,名詞,サ変接続,*,*,制御,36
69,0,機構,名詞,一般,*,*,機構,38
72,0,遺伝子工学,名詞,固有名詞,一般,*,遺伝子工学,41
74,0,含む,動詞,自立,*,*,含む,31
75,0,核酸,名詞,一般,*,*,核酸,38
77,0,研究,名詞,サ変接続,*,*,研究,36
78,0,法,名詞,接尾,一般,*,法,51
80,0,説明,名詞,サ変接続,*,*,説明,36
81,0,できる,動詞,自立,*,*,できる,31
85,0,糖鎖,名詞,固有名詞,一般,*,糖鎖,41
87,0,脂質,名詞,一般,*,*,脂質,38
89,0,化学構造,名詞,固有名詞,一般,*,化学構造,41
91,0,生体膜,名詞,固有名詞,一般,*,生体膜,41
93,0,構造,名詞,一般,*,*,構造,38
95,0,機能,名詞,サ変接続,*,*,機能,36
97,0,説明,名詞,サ変接続,*,*,説明,36
98,0,できる,動詞,自立,*,*,できる,31
102,0,酵素,名詞,一般,*,*,酵素,38
104,0,構造,名詞,一般,*,*,構造,38
106,0,機能,名詞,サ変接続,*,*,機能,36
108,0,反応,名詞,サ変接続,*,*,反応,36
110,0,速度,名詞,一般,*,*,速度,38
111,0,論,名詞,接尾,一般,*,論,51
113,0,触媒,名詞,一般,*,*,触媒,38
114,0,機構,名詞,一般,*,*,機構,38
116,0,理解,名詞,サ変接続,*,*,理解,36
118,0,説明,名詞,サ変接続,*,*,説明,36
119,0,できる,動詞,自立,*,*,できる,31
122,0,講義,名詞,サ変接続,*,*,講義,36
124,0,履修,名詞,サ変接続,*,*,履修,36
128,0,次,名詞,一般,*,*,次,38
130,0,能力,名詞,一般,*,*,能力,38
132,0,修得,名詞,サ変接続,*,*,修得,36
137,0,アミノ酸,名詞,一般,*,*,アミノ酸,38
140,0,タンパク質,名詞,一般,*,*,タンパク質,38
142,0,化学構造,名詞,固有名詞,一般,*,化学構造,41
144,0,立体,名詞,一般,*,*,立体,38
145,0,構造,名詞,一般,*,*,構造,38
147,0,説明,名詞,サ変接続,*,*,説明,36
148,0,できる,動詞,自立,*,*,できる,31
152,0,タンパク質,名詞,一般,*,*,タンパク質,38
154,0,基本,名詞,一般,*,*,基本,38
155,0,的,名詞,接尾,形容動詞語幹,*,的,52
157,0,性質,名詞,一般,*,*,性質,38
159,0,構造,名詞,一般,*,*,構造,38
161,0,機能,名詞,サ変接続,*,*,機能,36
163,0,関係,名詞,サ変接続,*,*,関係,36
165,0,理解,名詞,サ変接続,*,*,理解,36
168,0,タンパク質,名詞,一般,*,*,タンパク質,38
170,0,研究,名詞,サ変接続,*,*,研究,36
171,0,法,名詞,接尾,一般,*,法,51
173,0,説明,名詞,サ変接続,*,*,説明,36
174,0,できる,動詞,自立,*,*,できる,31
178,0,核酸,名詞,一般,*,*,核酸,38
180,0,構造,名詞,一般,*,*,構造,38
182,0,機能,名詞,サ変接続,*,*,機能,36
184,0,理解,名詞,サ変接続,*,*,理解,36
187,0,遺伝子発現,名詞,固有名詞,一般,*,遺伝子発現,41
189,0,制御,名詞,サ変接続,*,*,制御,36
190,0,機構,名詞,一般,*,*,機構,38
193,0,遺伝子工学,名詞,固有名詞,一般,*,遺伝子工学,41
195,0,含む,動詞,自立,*,*,含む,31
196,0,核酸,名詞,一般,*,*,核酸,38
198,0,研究,名詞,サ変接続,*,*,研究,36
199,0,法,名詞,接尾,一般,*,法,51
201,0,説明,名詞,サ変接続,*,*,説明,36
202,0,できる,動詞,自立,*,*,できる,31
206,0,糖鎖,名詞,固有名詞,一般,*,糖鎖,41
208,0,脂質,名詞,一般,*,*,脂質,38
210,0,化学構造,名詞,固有名詞,一般,*,化学構造,41
212,0,生体膜,名詞,固有名詞,一般,*,生体膜,41
214,0,構造,名詞,一般,*,*,構造,38
216,0,機能,名詞,サ変接続,*,*,機能,36
218,0,説明,名詞,サ変接続,*,*,説明,36
219,0,できる,動詞,自立,*,*,できる,31
223,0,酵素,名詞,一般,*,*,酵素,38
225,0,構造,名詞,一般,*,*,構造,38
227,0,機能,名詞,サ変接続,*,*,機能,36
229,0,反応,名詞,サ変接続,*,*,反応,36
231,0,速度,名詞,一般,*,*,速度,38
232,0,論,名詞,接尾,一般,*,論,51
234,0,触媒,名詞,一般,*,*,触媒,38
235,0,機構,名詞,一般,*,*,機構,38
237,0,理解,名詞,サ変接続,*,*,理解,36
239,0,説明,名詞,サ変接続,*,*,説明,36
240,0,できる,動詞,自立,*,*,できる,31
243,0,講義,名詞,サ変接続,*,*,講義,36
245,0,履修,名詞,サ変接続,*,*,履修,36
249,0,次,名詞,一般,*,*,次,38
251,0,能力,名詞,一般,*,*,能力,38
253,0,修得,名詞,サ変接続,*,*,修得,36
258,0,アミノ酸,名詞,一般,*,*,アミノ酸,38
261,0,タンパク質,名詞,一般,*,*,タンパク質,38
263,0,化学構造,名詞,固有名詞,一般,*,化学構造,41
265,0,立体,名詞,一般,*,*,立体,38
266,0,構造,名詞,一般,*,*,構造,38
268,0,説明,名詞,サ変接続,*,*,説明,36
269,0,できる,動詞,自立,*,*,できる,31
273,0,タンパク質,名詞,一般,*,*,タンパク質,38
275,0,基本,名詞,一般,*,*,基本,38
276,0,的,名詞,接尾,形容動詞語幹,*,的,52
278,0,性質,名詞,一般,*,*,性質,38
280,0,構造,名詞,一般,*,*,構造,38
282,0,機能,名詞,サ変接続,*,*,機能,36
284,0,関係,名詞,サ変接続,*,*,関係,36
286,0,理解,名詞,サ変接続,*,*,理解,36
289,0,タンパク質,名詞,一般,*,*,タンパク質,38
291,0,研究,名詞,サ変接続,*,*,研究,36
292,0,法,名詞,接尾,一般,*,法,51
294,0,説明,名詞,サ変接続,*,*,説明,36
295,0,できる,動詞,自立,*,*,できる,31
299,0,核酸,名詞,一般,*,*,核酸,38
301,0,構造,名詞,一般,*,*,構造,38
303,0,機能,名詞,サ変接続,*,*,機能,36
305,0,理解,名詞,サ変接続,*,*,理解,36
308,0,遺伝子発現,名詞,固有名詞,一般,*,遺伝子発現,41
310,0,制御,名詞,サ変接続,*,*,制御,36
311,0,機構,名詞,一般,*,*,機構,38
314,0,遺伝子工学,名詞,固有名詞,一般,*,遺伝子工学,41
316,0,含む,動詞,自立,*,*,含む,31
317,0,核酸,名詞,一般,*,*,核酸,38
319,0,研究,名詞,サ変接続,*,*,研究,36
320,0,法,名詞,接尾,一般,*,法,51
322,0,説明,名詞,サ変接続,*,*,説明,36
323,0,できる,動詞,自立,*,*,できる,31
327,0,糖鎖,名詞,固有名詞,一般,*,糖鎖,41
329,0,脂質,名詞,一般,*,*,脂質,38
331,0,化学構造,名詞,固有名詞,一般,*,化学構造,41
333,0,生体膜,名詞,固有名詞,一般,*,生体膜,41
335,0,構造,名詞,一般,*,*,構造,38
337,0,機能,名詞,サ変接続,*,*,機能,36
339,0,説明,名詞,サ変接続,*,*,説明,36
340,0,できる,動詞,自立,*,*,できる,31
344,0,酵素,名詞,一般,*,*,酵素,38
346,0,構造,名詞,一般,*,*,構造,38
348,0,機能,名詞,サ変接続,*,*,機能,36
350,0,反応,名詞,サ変接続,*,*,反応,36
352,0,速度,名詞,一般,*,*,速度,38
353,0,論,名詞,接尾,一般,*,論,51
355,0,触媒,名詞,一般,*,*,触媒,38
356,0,機構,名詞,一般,*,*,機構,38
358,0,理解,名詞,サ変接続,*,*,理解,36
360,0,説明,名詞,サ変接続,*,*,説明,36
361,0,できる,動詞,自立,*,*,できる,31
364,0,講義,名詞,サ変接続,*,*,講義,36
366,0,履修,名詞,サ変接続,*,*,履修,36
370,0,次,名詞,一般,*,*,次,38
372,0,能力,名詞,一般,*,*,能力,38
374,0,修得,名詞,サ変接続,*,*,修得,36
379,0,アミノ酸,名詞,一般,*,*,アミノ酸,38
382,0,タンパク質,名詞,一般,*,*,タンパク質,38
384,0,化学構造,名詞,固有名詞,一般,*,化学構造,41
386,0,立体,名詞,一般,*,*,立体,38
387,0,構造,名詞,一般,*,*,構造,38
389,0,説明,名詞,サ変接続,*,*,説明,36
390,0,できる,動詞,自立,*,*,できる,31
394,0,タンパク質,名詞,一般,*,*,タンパク質,38
396,0,基本,名詞,一般,*,*,基本,38
397,0,的,名詞,接尾,形容動詞語幹,*,的,52
399,0,性質,名詞,一般,*,*,性質,38
401,0,構造,名詞,一般,*,*,構造,38
403,0,機能,名詞,サ変接続,*,*,機能,36
405,0,関係,名詞,サ変接続,*,*,関係,36
407,0,理解,名詞,サ変接続,*,*,理解,36
410,0,タンパク質,名詞,一般,*,*,タンパク質,38
412,0,研究,名詞,サ変接続,*,*,研究,36
413,0,法,名詞,接尾,一般,*,法,51
415,0,説明,名詞,サ変接続,*,*,説明,36
416,0,できる,動詞,自立,*,*,できる,31
420,0,核酸,名詞,一般,*,*,核酸,38
422,0,構造,名詞,一般,*,*,構造,38
424,0,機能,名詞,サ変接続,*,*,機能,36
426,0,理解,名詞,サ変接続,*,*,理解,36
429,0,遺伝子発現,名詞,固有名詞,一般,*,遺伝子発現,41
431,0,制御,名詞,サ変接続,*,*,制御,36
432,0,機構,名詞,一般,*,*,機構,38
435,0,遺伝子工学,名詞,固有名詞,一般,*,遺伝子工学,41
437,0,含む,動詞,自立,*,*,含む,31
438,0,核酸,名詞,一般,*,*,核酸,38
440,0,研究,名詞,サ変接続,*,*,研究,36
441,0,法,名詞,接尾,一般,*,法,51
443,0,説明,名詞,サ変接続,*,*,説明,36
444,0,できる,動詞,自立,*,*,できる,31
448,0,糖鎖,名詞,固有名詞,一般,*,糖鎖,41
450,0,脂質,名詞,一般,*,*,脂質,38
452,0,化学構造,名詞,固有名詞,一般,*,化学構造,41
454,0,生体膜,名詞,固有名詞,一般,*,生体膜,41
456,0,構造,名詞,一般,*,*,構造,38
458,0,機能,名詞,サ変接続,*,*,機能,36
460,0,説明,名詞,サ変接続,*,*,説明,36
461,0,できる,動詞,自立,*,*,できる,31
465,0,酵素,名詞,一般,*,*,酵素,38
467,0,構造,名詞,一般,*,*,構造,38
469,0,機能,名詞,サ変接続,*,*,機能,36
471,0,反応,名詞,サ変接続,*,*,反応,36
473,0,速度,名詞,一般,*,*,速度,38
474,0,論,名詞,接尾,一般,*,論,51
476,0,触媒,名詞,一般,*,*,触媒,38
477,0,機構,名詞,一般,*,*,機構,38
479,0,理解,名詞,サ変接続,*,*,理解,36
481,0,説明,名詞,サ変接続,*,*,説明,36
482,0,できる,動詞,自立,*,*,できる,31
485,0,講義,名詞,サ変接続,*,*,講義,36
487,0,履修,名詞,サ変接続,*,*,履修,36
491,0,次,名詞,一般,*,*,次,38
493,0,能力,名詞,一般,*,*,能力,38
495,0,修得,名詞,サ変接続,*,*,修得,36
500,0,アミノ酸,名詞,一般,*,*,アミノ酸,38
503,0,タンパク質,名詞,一般,*,*,タンパク質,38
505,0,化学構造,名詞,固有名詞,一般,*,化学構造,41
507,0,立体,名詞,一般,*,*,立体,38
508,0,構造,名詞,一般,*,*,構造,38
510,0,説明,名詞,サ変接続,*,*,説明,36
511,0,できる,動詞,自立,*,*,できる,31
515,0,タンパク質,名詞,一般,*,*,タンパク質,38
517,0,基本,名詞,一般,*,*,基本,38
518,0,的,名詞,接尾,形容動詞語幹,*,的,52
520,0,性質,名詞,一般,*,*,性質,38
522,0,構造,名詞,一般,*,*,構造,38
524,0,機能,名詞,サ変接続,*,*,機能,36
526,0,関係,名詞,サ変接続,*,*,関係,36
528,0,理解,名詞,サ変接続,*,*,理解,36
531,0,タンパク質,名詞,一般,*,*,タンパク質,38
533,0,研究,名詞,サ変接続,*,*,研究,36
534,0,法,名詞,接尾,一般,*,法,51
536,0,説明,名詞,サ変接続,*,*,説明,36
537,0,できる,動詞,自立,*,*,できる,31
541,0,核酸,名詞,一般,*,*,核酸,38
543,0,構造,名詞,一般,*,*,構造,38
545,0,機能,名詞,サ変接続,*,*,機能,36
547,0,理解,名詞,サ変接続,*,*,理解,36
550,0,遺伝子発現,名詞,固有名詞,一般,*,遺伝子発現,41
552,0,制御,名詞,サ変接続,*,*,制御,36
553,0,機構,名詞,一般,*,*,機構,38
556,0,遺伝子工学,名詞,固有名詞,一般,*,遺伝子工学,41
558,0,含む,動詞,自立,*,*,含む,31
559,0,核酸,名詞,一般,*,*,核酸,38
561,0,研究,名詞,サ変接続,*,*,研究,36
562,0,法,名詞,接尾,一般,*,法,51
564,0,説明,名詞,サ変接続,*,*,説明,36
565,0,できる,動詞,自立,*,*,できる,31
569,0,糖鎖,名詞,固有名詞,一般,*,糖鎖,41
571,0,脂質,名詞,一般,*,*,脂質,38
573,0,化学構造,名詞,固有名詞,一般,*,化学構造,41
575,0,生体膜,名詞,固有名詞,一般,*,生体膜,41
577,0,構造,名詞,一般,*,*,構造,38
579,0,機能,名詞,サ変接続,*,*,機能,36
581,0,説明,名詞,サ変接続,*,*,説明,36
582,0,できる,動詞,自立,*,*,できる,31
586,0,酵素,名詞,一般,*,*,酵素,38
588,0,構造,名詞,一般,*,*,構造,38
590,0,機能,名詞,サ変接続,*,*,機能,36
592,0,反応,名詞,サ変接続,*,*,反応,36
594,0,速度,名詞,一般,*,*,速度,38
595,0,論,名詞,接尾,一般,*,論,51
597,0,触媒,名詞,一般,*,*,触媒,38
598,0,機構,名詞,一般,*,*,機構,38
600,0,理解,名詞,サ変接続,*,*,理解,36
602,0,説明,名詞,サ変接続,*,*,説明,36
603,0,できる,動詞,自立,*,*,できる,31
1,0,講義,名詞,サ変接続,*,*,講義,36
3,0,履修,名詞,サ変接続,*,*,履修,36
7,0,次,名詞,一般,*,*,次,38
9,0,能力,名詞,一般,*,*,能力,38
11,0,修得,名詞,サ変接続,*,*,修得,36
16,0,アミノ酸,名詞,一般,*,*,アミノ酸,38
19,0,タンパク質,名詞,一般,*,*,タンパク質,38
21,0,化学構造,名詞,固有名詞,一般,*,化学構造,41
23,0,立体,名詞,一般,*,*,立体,38
24,0,構造,名詞,一般,*,*,構造,38
26,0,説明,名詞,サ変接続,*,*,説明,36
27,0,できる,動詞,自立,*,*,できる,31
31,0,タンパク質,名詞,一般,*,*,タンパク質,38
33,0,基本,名詞,一般,*,*,基本,38
34,0,的,名詞,接尾,形容動詞語幹,*,的,52
36,0,性質,名詞,一般,*,*,性質,38
38,0,構造,名詞,一般,*,*,構造,38
40,0,機能,名詞,サ変接続,*,*,機能,36
42,0,関係,名詞,サ変接続,*,*,関係,36
44,0,理解,名詞,サ変接続,*,*,理解,36
47,0,タンパク質,名詞,一般,*,*,タンパク質,38
49,0,研究,名詞,サ変接続,*,*,研究,36
50,0,法,名詞,接尾,一般,*,法,51
52,0,説明,名詞,サ変接続,*,*,説明,36
53,0,できる,動詞,自立,*,*,できる,31
57,0,核酸,名詞,一般,*,*,核酸,38
59,0,構造,名詞,一般,*,*,構造,38
61,0,機能,名詞,サ変接続,*,*,機能,36
63,0,理解,名詞,サ変接続,*,*,理解,36
66,0,遺伝子発現,名詞,固有名詞,一般,*,遺伝子発現,41
68,0,制御,名詞,サ変接続,*,*,制御,36
69,0,機構,名詞,一般,*,*,機構,38
72,0,遺伝子工学,名詞,固有名詞,一般,*,遺伝子工学,41
74,0,含む,動詞,自立,*,*,含む,31
75,0,核酸,名詞,一般,*,*,核酸,38
77,0,研究,名詞,サ変接続,*,*,研究,36
78,0,法,名詞,接尾,一般,*,法,51
80,0,説明,名詞,サ変接続,*,*,説明,36
81,0,できる,動詞,自立,*,*,できる,31
85,0,糖鎖,名詞,固有名詞,一般,*,糖鎖,41
87,0,脂質,名詞,一般,*,*,脂質,38
89,0,化学構造,名詞,固有名詞,一般,*,化学構造,41
91,0,生体膜,名詞,固有名詞,一般,*,生体膜,41
93,0,構造,名詞,一般,*,*,構造,38
95,0,機能,名詞,サ変接続,*,*,機能,36
97,0,説明,名詞,サ変接続,*,*,説明,36
98,0,できる,動詞,自立,*,*,できる,31
102,0,酵素,名詞,一般,*,*,酵素,38
104,0,構造,名詞,一般,*,*,構造,38
106,0,機能,名詞,サ変接続,*,*,機能,36
108,0,反応,名詞,サ変接続,*,*,反応,36
110,0,速度,名詞,一般,*,*,速度,38
111,0,論,名詞,接尾,一般,*,論,51
113,0,触媒,名詞,一般,*,*,触媒,38
114,0,機構,名詞,一般,*,*,機構,38
116,0,理解,名詞,サ変接続,*,*,理解,36
118,0,説明,名詞,サ変接続,*,*,説明,36
119,0,できる,動詞,自立,*,*,できる,31
122,0,講義,名詞,サ変接続,*,*,講義,36
124,0,履修,名詞,サ変接続,*,*,履修,36
128,0,次,名詞,一般,*,*,次,38
130,0,能力,名詞,一般,*,*,能力,38
132,0,修得,名詞,サ変接続,*,*,修得,36
137,0,アミノ酸,名詞,一般,*,*,アミノ酸,38
140,0,タンパク質,名詞,一般,*,*,タンパク質,38
142,0,化学構造,名詞,固有名詞,一般,*,化学構造,41
144,0,立体,名詞,一般,*,*,立体,38
145,0,構造,名詞,一般,*,*,構造,38
147,0,説明,名詞,サ変接続,*,*,説明,36
148,0,できる,動詞,自立,*,*,できる,31
152,0,タンパク質,名詞,一般,*,*,タンパク質,38
154,0,基本,名詞,一般,*,*,基本,38
155,0,的,名詞,接尾,形容動詞語幹,*,的,52
157,0,性質,名詞,一般,*,*,性質,38
159,0,構造,名詞,一般,*,*,構造,38
161,0,機能,名詞,サ変接続,*,*,機能,36
163,0,関係,名詞,サ変接続,*,*,関係,36
165,0,理解,名詞,サ変接続,*,*,理解,36
168,0,タンパク質,名詞,一般,*,*,タンパク質,38
170,0,研究,名詞,サ変接続,*,*,研究,36
171,0,法,名詞,接尾,一般,*,法,51
173,0,説明,名詞,サ変接続,*,*,説明,36
174,0,できる,動詞,自立,*,*,できる,31
178,0,核酸,名詞,一般,*,*,核酸,38
180,0,構造,名詞,一般,*,*,構造,38
182,0,機能,名詞,サ変接続,*,*,機能,36
184,0,理解,名詞,サ変接続,*,*,理解,36
187,0,遺伝子発現,名詞,固有名詞,一般,*,遺伝子発現,41
189,0,制御,名詞,サ変接続,*,*,制御,36
190,0,機構,名詞,一般,*,*,機構,38
193,0,遺伝子工学,名詞,固有名詞,一般,*,遺伝子工学,41
195,0,含む,動詞,自立,*,*,含む,31
196,0,核酸,名詞,一般,*,*,核酸,38
198,0,研究,名詞,サ変接続,*,*,研究,36
199,0,法,名詞,接尾,一般,*,法,51
201,0,説明,名詞,サ変接続,*,*,説明,36
202,0,できる,動詞,自立,*,*,できる,31
206,0,糖鎖,名詞,固有名詞,一般,*,糖鎖,41
208,0,脂質,名詞,一般,*,*,脂質,38
210,0,化学構造,名詞,固有名詞,一般,*,化学構造,41
212,0,生体膜,名詞,固有名詞,一般,*,生体膜,41
214,0,構造,名詞,一般,*,*,構造,38
216,0,機能,名詞,サ変接続,*,*,機能,36
218,0,説明,名詞,サ変接続,*,*,説明,36
219,0,できる,動詞,自立,*,*,できる,31
223,0,酵素,名詞,一般,*,*,酵素,38
225,0,構造,名詞,一般,*,*,構造,38
227,0,機能,名詞,サ変接続,*,*,機能,36
229,0,反応,名詞,サ変接続,*,*,反応,36
231,0,速度,名詞,一般,*,*,速度,38
232,0,論,名詞,接尾,一般,*,論,51
234,0,触媒,名詞,一般,*,*,触媒,38
235,0,機構,名詞,一般,*,*,機構,38
237,0,理解,名詞,サ変接続,*,*,理解,36
239,0,説明,名詞,サ変接続,*,*,説明,36
240,0,できる,動詞,自立,*,*,できる,31
243,0,講義,名詞,サ変接続,*,*,講義,36
245,0,履修,名詞,サ変接続,*,*,履修,36
249,0,次,名詞,一般,*,*,次,38
251,0,能力,名詞,一般,*,*,能力,38
253,0,修得,名詞,サ変接続,*,*,修得,36
258,0,アミノ酸,名詞,一般,*,*,アミノ酸,38
261,0,タンパク質,名詞,一般,*,*,タンパク質,38
263,0,化学構造,名詞,固有名詞,一般,*,化学構造,41
265,0,立体,名詞,一般,*,*,立体,38
266,0,構造,名詞,一般,*,*,構造,38
268,0,説明,名詞,サ変接続,*,*,説明,36
269,0,できる,動詞,自立,*,*,できる,31
273,0,タンパク質,名詞,一般,*,*,タンパク質,38
275,0,基本,名詞,一般,*,*,基本,38
276,0,的,名詞,接尾,形容動詞語幹,*,的,52
278,0,性質,名詞,一般,*,*,性質,38
280,0,構造,名詞,一般,*,*,構造,38
282,0,機能,名詞,サ変接続,*,*,機能,36
284,0,関係,名詞,サ変接続,*,*,関係,36
286,0,理解,名詞,サ変接続,*,*,理解,36
289,0,タンパク質,名詞,一般,*,*,タンパク質,38
291,0,研究,名詞,サ変接続,*,*,研究,36
292,0,法,名詞,接尾,一般,*,法,51
294,0,説明,名詞,サ変接続,*,*,説明,36
295,0,できる,動詞,自立,*,*,できる,31
299,0,核酸,名詞,一般,*,*,核酸,38
301,0,構造,名詞,一般,*,*,構造,38
303,0,機能,名詞,サ変接続,*,*,機能,36
305,0,理解,名詞,サ変接続,*,*,理解,36
308,0,遺伝子発現,名詞,固有名詞,一般,*,遺伝子発現,41
310,0,制御,名詞,サ変接続,*,*,制御,36
311,0,機構,名詞,一般,*,*,機構,38
314,0,遺伝子工学,名詞,固有名詞,一般,*,遺伝子工学,41
316,0,含む,動詞,自立,*,*,含む,31
317,0,核酸,名詞,一般,*,*,核酸,38
319,0,研究,名詞,サ変接続,*,*,研究,36
320,0,法,名詞,接尾,一般,*,法,51
322,0,説明,名詞,サ変接続,*,*,説明,36
323,0,できる,動詞,自立,*,*,できる,31
327,0,糖鎖,名詞,固有名詞,一般,*,糖鎖,41
329,0,脂質,名詞,一般,*,*,脂質,38
331,0,化学構造,名詞,固有名詞,一般,*,化学構造,41
333,0,生体膜,名詞,固有名詞,一般,*,生体膜,41
335,0,構造,名詞,一般,*,*,構造,38
337,0,機能,名詞,サ変接続,*,*,機能,36
339,0,説明,名詞,サ変接続,*,*,説明,36
340,0,できる,動詞,自立,*,*,できる,31
344,0,酵素,名詞,一般,*,*,酵素,38
346,0,構造,名詞,一般,*,*,構造,38
348,0,機能,名詞,サ変接続,*,*,機能,36
350,0,反応,名詞,サ変接続,*,*,反応,36
352,0,速度,名詞,一般,*,*,速度,38
353,0,論,名詞,接尾,一般,*,論,51
355,0,触媒,名詞,一般,*,*,触媒,38
356,0,機構,名詞,一般,*,*,機構,38
358,0,理解,名詞,サ変接続,*,*,理解,36
360,0,説明,名詞,サ変接続,*,*,説明,36
361,0,できる,動詞,自立,*,*,できる,31
364,0,講義,名詞,サ変接続,*,*,講義,36
366,0,履修,名詞,サ変接続,*,*,履修,36
370,0,次,名詞,一般,*,*,次,38
372,0,能力,名詞,一般,*,*,能力,38
374,0,修得,名詞,サ変接続,*,*,修得,36
379,0,アミノ酸,名詞,一般,*,*,アミノ酸,38
382,0,タンパク質,名詞,一般,*,*,タンパク質,38
384,0,化学構造,名詞,固有名詞,一般,*,化学構造,41
386,0,立体,名詞,一般,*,*,立体,38
387,0,構造,名詞,一般,*,*,構造,38
389,0,説明,名詞,サ変接続,*,*,説明,36
390,0,できる,動詞,自立,*,*,できる,31
394,0,タンパク質,名詞,一般,*,*,タンパク質,38
396,0,基本,名詞,一般,*,*,基本,38
397,0,的,名詞,接尾,形容動詞語幹,*,的,52
399,0,性質,名詞,一般,*,*,性質,38
401,0,構造,名詞,一般,*,*,構造,38
403,0,機能,名詞,サ変接続,*,*,機能,36
405,0,関係,名詞,サ変接続,*,*,関係,36
407,0,理解,名詞,サ変接続,*,*,理解,36
410,0,タンパク質,名詞,一般,*,*,タンパク質,38
412,0,研究,名詞,サ変接続,*,*,研究,36
413,0,法,名詞,接尾,一般,*,法,51
415,0,説明,名詞,サ変接続,*,*,説明,36
416,0,できる,動詞,自立,*,*,できる,31
420,0,核酸,名詞,一般,*,*,核酸,38
422,0,構造,名詞,一般,*,*,構造,38
424,0,機能,名詞,サ変接続,*,*,機能,36
426,0,理解,名詞,サ変接続,*,*,理解,36
429,0,遺伝子発現,名詞,固有名詞,一般,*,遺伝子発現,41
431,0,制御,名詞,サ変接続,*,*,制御,36
432,0,機構,名詞,一般,*,*,機構,38
435,0,遺伝子工学,名詞,固有名詞,一般,*,遺伝子工学,41
437,0,含む,動詞,自立,*,*,含む,31
438,0,核酸,名詞,一般,*,*,核酸,38
440,0,研究,名詞,サ変接続,*,*,研究,36
441,0,法,名詞,接尾,一般,*,法,51
443,0,説明,名詞,サ変接続,*,*,説明,36
444,0,できる,動詞,自立,*,*,できる,31
448,0,糖鎖,名詞,固有名詞,一般,*,糖鎖,41
450,0,脂質,名詞,一般,*,*,脂質,38
452,0,化学構造,名詞,固有名詞,一般,*,化学構造,41
454,0,生体膜,名詞,固有名詞,一般,*,生体膜,41
456,0,構造,名詞,一般,*,*,構造,38
458,0,機能,名詞,サ変接続,*,*,機能,36
460,0,説明,名詞,サ変接続,*,*,説明,36
461,0,できる,動詞,自立,*,*,できる,31
465,0,酵素,名詞,一般,*,*,酵素,38
467,0,構造,名詞,一般,*,*,構造,38
469,0,機能,名詞,サ変接続,*,*,機能,36
471,0,反応,名詞,サ変接続,*,*,反応,36
473,0,速度,名詞,一般,*,*,速度,38
474,0,論,名詞,接尾,一般,*,論,51
476,0,触媒,名詞,一般,*,*,触媒,38
477,0,機構,名詞,一般,*,*,機構,38
479,0,理解,名詞,サ変接続,*,*,理解,36
481,0,説明,名詞,サ変接続,*,*,説明,36
482,0,できる,動詞,自立,*,*,できる,31
485,0,講義,名詞,サ変接続,*,*,講義,36
487,0,履修,名詞,サ変接続,*,*,履修,36
491,0,次,名詞,一般,*,*,次,38
493,0,能力,名詞,一般,*,*,能力,38
495,0,修得,名詞,サ変接続,*,*,修得,36
500,0,アミノ酸,名詞,一般,*,*,アミノ酸,38
503,0,タンパク質,名詞,一般,*,*,タンパク質,38
505,0,化学構造,名詞,固有名詞,一般,*,化学構造,41
507,0,立体,名詞,一般,*,*,立体,38
508,0,構造,名詞,一般,*,*,構造,38
510,0,説明,名詞,サ変接続,*,*,説明,36
511,0,できる,動詞,自立,*,*,できる,31
515,0,タンパク質,名詞,一般,*,*,タンパク質,38
517,0,基本,名詞,一般,*,*,基本,38
518,0,的,名詞,接尾,形容動詞語幹,*,的,52
520,0,性質,名詞,一般,*,*,性質,38
522,0,構造,名詞,一般,*,*,構造,38
524,0,機能,名詞,サ変接続,*,*,機能,36
526,0,関係,名詞,サ変接続,*,*,関係,36
528,0,理解,名詞,サ変接続,*,*,理解,36
531,0,タンパク質,名詞,一般,*,*,タンパク質,38
533,0,研究,名詞,サ変接続,*,*,研究,36
534,0,法,名詞,接尾,一般,*,法,51
536,0,説明,名詞,サ変接続,*,*,説明,36
537,0,できる,動詞,自立,*,*,できる,31
541,0,核酸,名詞,一般,*,*,核酸,38
543,0,構造,名詞,一般,*,*,構造,38
545,0,機能,名詞,サ変接続,*,*,機能,36
547,0,理解,名詞,サ変接続,*,*,理解,36
550,0,遺伝子発現,名詞,固有名詞,一般,*,遺伝子発現,41
552,0,制御,名詞,サ変接続,*,*,制御,36
553,0,機構,名詞,一般,*,*,機構,38
556,0,遺伝子工学,名詞,固有名詞,一般,*,遺伝子工学,41
558,0,含む,動詞,自立,*,*,含む,31
559,0,核酸,名詞,一般,*,*,核酸,38
561,0,研究,名詞,サ変接続,*,*,研究,36
562,0,法,名詞,接尾,一般,*,法,51
564,0,説明,名詞,サ変接続,*,*,説明,36
565,0,できる,動詞,自立,*,*,できる,31
569,0,糖鎖,名詞,固有名詞,一般,*,糖鎖,41
571,0,脂質,名詞,一般,*,*,脂質,38
573,0,化学構造,名詞,固有名詞,一般,*,化学構造,41
575,0,生体膜,名詞,固有名詞,一般,*,生体膜,41
577,0,構造,名詞,一般,*,*,構造,38
579,0,機能,名詞,サ変接続,*,*,機能,36
581,0,説明,名詞,サ変接続,*,*,説明,36
582,0,できる,動詞,自立,*,*,できる,31
586,0,酵素,名詞,一般,*,*,酵素,38
588,0,構造,名詞,一般,*,*,構造,38
590,0,機能,名詞,サ変接続,*,*,機能,36
592,0,反応,名詞,サ変接続,*,*,反応,36
594,0,速度,名詞,一般,*,*,速度,38
595,0,論,名詞,接尾,一般,*,論,51
597,0,触媒,名詞,一般,*,*,触媒,38
598,0,機構,名詞,一般,*,*,機構,38
600,0,理解,名詞,サ変接続,*,*,理解,36
602,0,説明,名詞,サ変接続,*,*,説明,36
603,0,できる,動詞,自立,*,*,できる,31
1,0,講義,名詞,サ変接続,*,*,講義,36
3,0,履修,名詞,サ変接続,*,*,履修,36
7,0,次,名詞,一般,*,*,次,38
9,0,能力,名詞,一般,*,*,能力,38
11,0,修得,名詞,サ変接続,*,*,修得,36
16,0,アミノ酸,名詞,一般,*,*,アミノ酸,38
19,0,タンパク質,名詞,一般,*,*,タンパク質,38
21,0,化学構造,名詞,固有名詞,一般,*,化学構造,41
23,0,立体,名詞,一般,*,*,立体,38
24,0,構造,名詞,一般,*,*,構造,38
26,0,説明,名詞,サ変接続,*,*,説明,36
27,0,できる,動詞,自立,*,*,できる,31
31,0,タンパク質,名詞,一般,*,*,タンパク質,38
33,0,基本,名詞,一般,*,*,基本,38
34,0,的,名詞,接尾,形容動詞語幹,*,的,52
36,0,性質,名詞,一般,*,*,性質,38
38,0,構造,名詞,一般,*,*,構造,38
40,0,機能,名詞,サ変接続,*,*,機能,36
42,0,関係,名詞,サ変接続,*,*,関係,36
44,0,理解,名詞,サ変接続,*,*,理解,36
47,0,タンパク質,名詞,一般,*,*,タンパク質,38
49,0,研究,名詞,サ変接続,*,*,研究,36
50,0,法,名詞,接尾,一般,*,法,51
52,0,説明,名詞,サ変接続,*,*,説明,36
53,0,できる,動詞,自立,*,*,できる,31
57,0,核酸,名詞,一般,*,*,核酸,38
59,0,構造,名詞,一般,*,*,構造,38
61,0,機能,名詞,サ変接続,*,*,機能,36
63,0,理解,名詞,サ変接続,*,*,理解,36
66,0,遺伝子発現,名詞,固有名詞,一般,*,遺伝子発現,41
68,0,制御,名詞,サ変接続,*,*,制御,36
69,0,機構,名詞,一般,*,*,機構,38
72,0,遺伝子工学,名詞,固有名詞,一般,*,遺伝子工学,41
74,0,含む,動詞,自立,*,*,含む,31
75,0,核酸,名詞,一般,*,*,核酸,38
77,0,研究,名詞,サ変接続,*,*,研究,36
78,0,法,名詞,接尾,一般,*,法,51
80,0,説明,名詞,サ変接続,*,*,説明,36
81,0,できる,動詞,自立,*,*,できる,31
85,0,糖鎖,名詞,固有名詞,一般,*,糖鎖,41
87,0,脂質,名詞,一般,*,*,脂質,38
89,0,化学構造,名詞,固有名詞,一般,*,化学構造,41
91,0,生体膜,名詞,固有名詞,一般,*,生体膜,41
93,0,構造,名詞,一般,*,*,構造,38
95,0,機能,名詞,サ変接続,*,*,機能,36
97,0,説明,名詞,サ変接続,*,*,説明,36
98,0,できる,動詞,自立,*,*,できる,31
102,0,酵素,名詞,一般,*,*,酵素,38
104,0,構造,名詞,一般,*,*,構造,38
106,0,機能,名詞,サ変接続,*,*,機能,36
108,0,反応,名詞,サ変接続,*,*,反応,36
110,0,速度,名詞,一般,*,*,速度,38
111,0,論,名詞,接尾,一般,*,論,51
113,0,触媒,名詞,一般,*,*,触媒,38
114,0,機構,名詞,一般,*,*,機構,38
116,0,理解,名詞,サ変接続,*,*,理解,36
118,0,説明,名詞,サ変接続,*,*,説明,36
119,0,できる,動詞,自立,*,*,できる,31
122,0,講義,名詞,サ変接続,*,*,講義,36
124,0,履修,名詞,サ変接続,*,*,履修,36
128,0,次,名詞,一般,*,*,次,38
130,0,能力,名詞,一般,*,*,能力,38
132,0,修得,名詞,サ変接続,*,*,修得,36
137,0,アミノ酸,名詞,一般,*,*,アミノ酸,38
140,0,タンパク質,名詞,一般,*,*,タンパク質,38
142,0,化学構造,名詞,固有名詞,一般,*,化学構造,41
144,0,立体,名詞,一般,*,*,立体,38
145,0,構造,名詞,一般,*,*,構造,38
147,0,説明,名詞,サ変接続,*,*,説明,36
148,0,できる,動詞,自立,*,*,できる,31
152,0,タンパク質,名詞,一般,*,*,タンパク質,38
154,0,基本,名詞,一般,*,*,基本,38
155,0,的,名詞,接尾,形容動詞語幹,*,的,52
157,0,性質,名詞,一般,*,*,性質,38
159,0,構造,名詞,一般,*,*,構造,38
161,0,機能,名詞,サ変接続,*,*,機能,36
163,0,関係,名詞,サ変接続,*,*,関係,36
165,0,理解,名詞,サ変接続,*,*,理解,36
168,0,タンパク質,名詞,一般,*,*,タンパク質,38
170,0,研究,名詞,サ変接続,*,*,研究,36
171,0,法,名詞,接尾,一般,*,法,51
173,0,説明,名詞,サ変接続,*,*,説明,36
174,0,できる,動詞,自立,*,*,できる,31
178,0,核酸,名詞,一般,*,*,核酸,38
180,0,構造,名詞,一般,*,*,構造,38
182,0,機能,名詞,サ変接続,*,*,機能,36
184,0,理解,名詞,サ変接続,*,*,理解,36
187,0,遺伝子発現,名詞,固有名詞,一般,*,遺伝子発現,41
189,0,制御,名詞,サ変接続,*,*,制御,36
190,0,機構,名詞,一般,*,*,機構,38
193,0,遺伝子工学,名詞,固有名詞,一般,*,遺伝子工学,41
195,0,含む,動詞,自立,*,*,含む,31
196,0,核酸,名詞,一般,*,*,核酸,38
198,0,研究,名詞,サ変接続,*,*,研究,36
199,0,法,名詞,接尾,一般,*,法,51
201,0,説明,名詞,サ変接続,*,*,説明,36
202,0,できる,動詞,自立,*,*,できる,31
206,0,糖鎖,名詞,固有名詞,一般,*,糖鎖,41
208,0,脂質,名詞,一般,*,*,脂質,38
210,0,化学構造,名詞,固有名詞,一般,*,化学構造,41
212,0,生体膜,名詞,固有名詞,一般,*,生体膜,41
214,0,構造,名詞,一般,*,*,構造,38
216,0,機能,名詞,サ変接続,*,*,機能,36
218,0,説明,名詞,サ変接続,*,*,説明,36
219,0,できる,動詞,自立,*,*,できる,31
223,0,酵素,名詞,一般,*,*,酵素,38
225,0,構造,名詞,一般,*,*,構造,38
227,0,機能,名詞,サ変接続,*,*,機能,36
229,0,反応,名詞,サ変接続,*,*,反応,36
231,0,速度,名詞,一般,*,*,速度,38
232,0,論,名詞,接尾,一般,*,論,51
234,0,触媒,名詞,一般,*,*,触媒,38
235,0,機構,名詞,一般,*,*,機構,38
237,0,理解,名詞,サ変接続,*,*,理解,36
239,0,説明,名詞,サ変接続,*,*,説明,36
240,0,できる,動詞,自立,*,*,できる,31
243,0,講義,名詞,サ変接続,*,*,講義,36
245,0,履修,名詞,サ変接続,*,*,履修,36
249,0,次,名詞,一般,*,*,次,38
251,0,能力,名詞,一般,*,*,能力,38
253,0,修得,名詞,サ変接続,*,*,修得,36
258,0,アミノ酸,名詞,一般,*,*,アミノ酸,38
261,0,タンパク質,名詞,一般,*,*,タンパク質,38
263,0,化学構造,名詞,固有名詞,一般,*,化学構造,41
265,0,立体,名詞,一般,*,*,立体,38
266,0,構造,名詞,一般,*,*,構造,38
268,0,説明,名詞,サ変接続,*,*,説明,36
269,0,できる,動詞,自立,*,*,できる,31
273,0,タンパク質,名詞,一般,*,*,タンパク質,38
275,0,基本,名詞,一般,*,*,基本,38
276,0,的,名詞,接尾,形容動詞語幹,*,的,52
278,0,性質,名詞,一般,*,*,性質,38
280,0,構造,名詞,一般,*,*,構造,38
282,0,機能,名詞,サ変接続,*,*,機能,36
284,0,関係,名詞,サ変接続,*,*,関係,36
286,0,理解,名詞,サ変接続,*,*,理解,36
289,0,タンパク質,名詞,一般,*,*,タンパク質,38
291,0,研究,名詞,サ変接続,*,*,研究,36
292,0,法,名詞,接尾,一般,*,法,51
294,0,説明,名詞,サ変接続,*,*,説明,36
295,0,できる,動詞,自立,*,*,できる,31
299,0,核酸,名詞,一般,*,*,核酸,38
301,0,構造,名詞,一般,*,*,構造,38
303,0,機能,名詞,サ変接続,*,*,機能,36
305,0,理解,名詞,サ変接続,*,*,理解,36
308,0,遺伝子発現,名詞,固有名詞,一般,*,遺伝子発現,41
310,0,制御,名詞,サ変接続,*,*,制御,36
311,0,機構,名詞,一般,*,*,機構,38
314,0,遺伝子工学,名詞,固有名詞,一般,*,遺伝子工学,41
316,0,含む,動詞,自立,*,*,含む,31
317,0,核酸,名詞,一般,*,*,核酸,38
319,0,研究,名詞,サ変接続,*,*,研究,36
320,0,法,名詞,接尾,一般,*,法,51
322,0,説明,名詞,サ変接続,*,*,説明,36
323,0,できる,動詞,自立,*,*,できる,31
327,0,糖鎖,名詞,固有名詞,一般,*,糖鎖,41
329,0,脂質,名詞,一般,*,*,脂質,38
331,0,化学構造,名詞,固有名詞,一般,*,化学構造,41
333,0,生体膜,名詞,固有名詞,一般,*,生体膜,41
335,0,構造,名詞,一般,*,*,構造,38
337,0,機能,名詞,サ変接続,*,*,機能,36
339,0,説明,名詞,サ変接続,*,*,説明,36
340,0,できる,動詞,自立,*,*,できる,31
344,0,酵素,名詞,一般,*,*,酵素,38
346,0,構造,名詞,一般,*,*,構造,38
348,0,機能,名詞,サ変接続,*,*,機能,36
350,0,反応,名詞,サ変接続,*,*,反応,36
352,0,速度,名詞,一般,*,*,速度,38
353,0,論,名詞,接尾,一般,*,論,51
355,0,触媒,名詞,一般,*,*,触媒,38
356,0,機構,名詞,一般,*,*,機構,38
358,0,理解,名詞,サ変接続,*,*,理解,36
360,0,説明,名詞,サ変接続,*,*,説明,36
361,0,できる,動詞,自立,*,*,できる,31
364,0,講義,名詞,サ変接続,*,*,講義,36
366,0,履修,名詞,サ変接続,*,*,履修,36
370,0,次,名詞,一般,*,*,次,38
372,0,能力,名詞,一般,*,*,能力,38
374,0,修得,名詞,サ変接続,*,*,修得,36
379,0,アミノ酸,名詞,一般,*,*,アミノ酸,38
382,0,タンパク質,名詞,一般,*,*,タンパク質,38
384,0,化学構造,名詞,固有名詞,一般,*,化学構造,41
386,0,立体,名詞,一般,*,*,立体,38
387,0,構造,名詞,一般,*,*,構造,38
389,0,説明,名詞,サ変接続,*,*,説明,36
390,0,できる,動詞,自立,*,*,できる,31
394,0,タンパク質,名詞,一般,*,*,タンパク質,38
396,0,基本,名詞,一般,*,*,基本,38
397,0,的,名詞,接尾,形容動詞語幹,*,的,52
399,0,性質,名詞,一般,*,*,性質,38
401,0,構造,名詞,一般,*,*,構造,38
403,0,機能,名詞,サ変接続,*,*,機能,36
405,0,関係,名詞,サ変接続,*,*,関係,36
407,0,理解,名詞,サ変接続,*,*,理解,36
410,0,タンパク質,名詞,一般,*,*,タンパク質,38
412,0,研究,名詞,サ変接続,*,*,研究,36
413,0,法,名詞,接尾,一般,*,法,51
415,0,説明,名詞,サ変接続,*,*,説明,36
416,0,できる,動詞,自立,*,*,できる,31
420,0,核酸,名詞,一般,*,*,核酸,38
422,0,構造,名詞,一般,*,*,構造,38
424,0,機能,名詞,サ変接続,*,*,機能,36
426,0,理解,名詞,サ変接続,*,*,理解,36
429,0,遺伝子発現,名詞,固有名詞,一般,*,遺伝子発現,41
431,0,制御,名詞,サ変接続,*,*,制御,36
432,0,機構,名詞,一般,*,*,機構,38
435,0,遺伝子工学,名詞,固有名詞,一般,*,遺伝子工学,41
437,0,含む,動詞,自立,*,*,含む,31
438,0,核酸,名詞,一般,*,*,核酸,38
440,0,研究,名詞,サ変接続,*,*,研究,36
441,0,法,名詞,接尾,一般,*,法,51
443,0,説明,名詞,サ変接続,*,*,説明,36
444,0,できる,動詞,自立,*,*,できる,31
448,0,糖鎖,名詞,固有名詞,一般,*,糖鎖,41
450,0,脂質,名詞,一般,*,*,脂質,38
452,0,化学構造,名詞,固有名詞,一般,*,化学構造,41
454,0,生体膜,名詞,固有名詞,一般,*,生体膜,41
456,0,構造,名詞,一般,*,*,構造,38
458,0,機能,名詞,サ変接続,*,*,機能,36
460,0,説明,名詞,サ変接続,*,*,説明,36
461,0,できる,動詞,自立,*,*,できる,31
465,0,酵素,名詞,一般,*,*,酵素,38
467,0,構造,名詞,一般,*,*,構造,38
469,0,機能,名詞,サ変接続,*,*,機能,36
471,0,反応,名詞,サ変接続,*,*,反応,36
473,0,速度,名詞,一般,*,*,速度,38
474,0,論,名詞,接尾,一般,*,論,51
476,0,触媒,名詞,一般,*,*,触媒,38
477,0,機構,名詞,一般,*,*,機構,38
479,0,理解,名詞,サ変接続,*,*,理解,36
481,0,説明,名詞,サ変接続,*,*,説明,36
482,0,できる,動詞,自立,*,*,できる,31
485,0,講義,名詞,サ変接続,*,*,講義,36
487,0,履修,名詞,サ変接続,*,*,履修,36
491,0,次,名詞,一般,*,*,次,38
493,0,能力,名詞,一般,*,*,能力,38
495,0,修得,名詞,サ変接続,*,*,修得,36
500,0,アミノ酸,名詞,一般,*,*,アミノ酸,38
503,0,タンパク質,名詞,一般,*,*,タンパク質,38
505,0,化学構造,名詞,固有名詞,一般,*,化学構造,41
507,0,立体,名詞,一般,*,*,立体,38
508,0,構造,名詞,一般,*,*,構造,38
510,0,説明,名詞,サ変接続,*,*,説明,36
511,0,できる,動詞,自立,*,*,できる,31
515,0,タンパク質,名詞,一般,*,*,タンパク質,38
517,0,基本,名詞,一般,*,*,基本,38
518,0,的,名詞,接尾,形容動詞語幹,*,的,52
520,0,性質,名詞,一般,*,*,性質,38
522,0,構造,名詞,一般,*,*,構造,38
524,0,機能,名詞,サ変接続,*,*,機能,36
526,0,関係,名詞,サ変接続,*,*,関係,36
528,0,理解,名詞,サ変接続,*,*,理解,36
531,0,タンパク質,名詞,一般,*,*,タンパク質,38
533,0,研究,名詞,サ変接続,*,*,研究,36
534,0,法,名詞,接尾,一般,*,法,51
536,0,説明,名詞,サ変接続,*,*,説明,36
537,0,できる,動詞,自立,*,*,できる,31
541,0,核酸,名詞,一般,*,*,核酸,38
543,0,構造,名詞,一般,*,*,構造,38
545,0,機能,名詞,サ変接続,*,*,機能,36
547,0,理解,名詞,サ変接続,*,*,理解,36
550,0,遺伝子発現,名詞,固有名詞,一般,*,遺伝子発現,41
552,0,制御,名詞,サ変接続,*,*,制御,36
553,0,機構,名詞,一般,*,*,機構,38
556,0,遺伝子工学,名詞,固有名詞,一般,*,遺伝子工学,41
558,0,含む,動詞,自立,*,*,含む,31
559,0,核酸,名詞,一般,*,*,核酸,38
561,0,研究,名詞,サ変接続,*,*,研究,36
562,0,法,名詞,接尾,一般,*,法,51
564,0,説明,名詞,サ変接続,*,*,説明,36
565,0,できる,動詞,自立,*,*,できる,31
569,0,糖鎖,名詞,固有名詞,一般,*,糖鎖,41
571,0,脂質,名詞,一般,*,*,脂質,38
573,0,化学構造,名詞,固有名詞,一般,*,化学構造,41
575,0,生体膜,名詞,固有名詞,一般,*,生体膜,41
577,0,構造,名詞,一般,*,*,構造,38
579,0,機能,名詞,サ変接続,*,*,機能,36
581,0,説明,名詞,サ変接続,*,*,説明,36
582,0,できる,動詞,自立,*,*,できる,31
586,0,酵素,名詞,一般,*,*,酵素,38
588,0,構造,名詞,一般,*,*,構造,38
590,0,機能,名詞,サ変接続,*,*,機能,36
592,0,反応,名詞,サ変接続,*,*,反応,36
594,0,速度,名詞,一般,*,*,速度,38
595,0,論,名詞,接尾,一般,*,論,51
597,0,触媒,名詞,一般,*,*,触媒,38
598,0,機構,名詞,一般,*,*,機構,38
600,0,理解,名詞,サ変接続,*,*,理解,36
602,0,説明,名詞,サ変接続,*,*,説明,36
603,0,できる,動詞,自立,*,*,できる,31
1,0,講義,名詞,サ変接続,*,*,講義,36
3,0,履修,名詞,サ変接続,*,*,履修,36
7,0,次,名詞,一般,*,*,次,38
9,0,能力,名詞,一般,*,*,能力,38
11,0,修得,名詞,サ変接続,*,*,修得,36
16,0,アミノ酸,名詞,一般,*,*,アミノ酸,38
19,0,タンパク質,名詞,一般,*,*,タンパク質,38
21,0,化学構造,名詞,固有名詞,一般,*,化学構造,41
23,0,立体,名詞,一般,*,*,立体,38
24,0,構造,名詞,一般,*,*,構造,38
26,0,説明,名詞,サ変接続,*,*,説明,36
27,0,できる,動詞,自立,*,*,できる,31
31,0,タンパク質,名詞,一般,*,*,タンパク質,38
33,0,基本,名詞,一般,*,*,基本,38
34,0,的,名詞,接尾,形容動詞語幹,*,的,52
36,0,性質,名詞,一般,*,*,性質,38
38,0,構造,名詞,一般,*,*,構造,38
40,0,機能,名詞,サ変接続,*,*,機能,36
42,0,関係,名詞,サ変接続,*,*,関係,36
44,0,理解,名詞,サ変接続,*,*,理解,36
47,0,タンパク質,名詞,一般,*,*,タンパク質,38
49,0,研究,名詞,サ変接続,*,*,研究,36
50,0,法,名詞,接尾,一般,*,法,51
52,0,説明,名詞,サ変接続,*,*,説明,36
53,0,できる,動詞,自立,*,*,できる,31
57,0,核酸,名詞,一般,*,*,核酸,38
59,0,構造,名詞,一般,*,*,構造,38
61,0,機能,名詞,サ変接続,*,*,機能,36
63,0,理解,名詞,サ変接続,*,*,理解,36
66,0,遺伝子発現,名詞,固有名詞,一般,*,遺伝子発現,41
68,0,制御,名詞,サ変接続,*,*,制御,36
69,0,機構,名詞,一般,*,*,機構,38
72,0,遺伝子工学,名詞,固有名詞,一般,*,遺伝子工学,41
74,0,含む,動詞,自立,*,*,含む,31
75,0,核酸,名詞,一般,*,*,核酸,38
77,0,研究,名詞,サ変接続,*,*,研究,36
78,0,法,名詞,接尾,一般,*,法,51
80,0,説明,名詞,サ変接続,*,*,説明,36
81,0,できる,動詞,自立,*,*,できる,31
85,0,糖鎖,名詞,固有名詞,一般,*,糖鎖,41
87,0,脂質,名詞,一般,*,*,脂質,38
89,0,化学構造,名詞,固有名詞,一般,*,化学構造,41
91,0,生体膜,名詞,固有名詞,一般,*,生体膜,41
93,0,構造,名詞,一般,*,*,構造,38
95,0,機能,名詞,サ変接続,*,*,機能,36
97,0,説明,名詞,サ変接続,*,*,説明,36
98,0,できる,動詞,自立,*,*,できる,31
102,0,酵素,名詞,一般,*,*,酵素,38
104,0,構造,名詞,一般,*,*,構造,38
106,0,機能,名詞,サ変接続,*,*,機能,36
108,0,反応,名詞,サ変接続,*,*,反応,36
110,0,速度,名詞,一般,*,*,速度,38
111,0,論,名詞,接尾,一般,*,論,51
113,0,触媒,名詞,一般,*,*,触媒,38
114,0,機構,名詞,一般,*,*,機構,38
116,0,理解,名詞,サ変接続,*,*,理解,36
118,0,説明,名詞,サ変接続,*,*,説明,36
119,0,できる,動詞,自立,*,*,できる,31
122,0,講義,名詞,サ変接続,*,*,講義,36
124,0,履修,名詞,サ変接続,*,*,履修,36
128,0,次,名詞,一般,*,*,次,38
130,0,能力,名詞,一般,*,*,能力,38
132,0,修得,名詞,サ変接続,*,*,修得,36
137,0,アミノ酸,名詞,一般,*,*,アミノ酸,38
140,0,タンパク質,名詞,一般,*,*,タンパク質,38
142,0,化学構造,名詞,固有名詞,一般,*,化学構造,41
144,0,立体,名詞,一般,*,*,立体,38
145,0,構造,名詞,一般,*,*,構造,38
147,0,説明,名詞,サ変接続,*,*,説明,36
148,0,できる,動詞,自立,*,*,できる,31
152,0,タンパク質,名詞,一般,*,*,タンパク質,38
154,0,基本,名詞,一般,*,*,基本,38
155,0,的,名詞,接尾,形容動詞語幹,*,的,52
157,0,性質,名詞,一般,*,*,性質,38
159,0,構造,名詞,一般,*,*,構造,38
161,0,機能,名詞,サ変接続,*,*,機能,36
163,0,関係,名詞,サ変接続,*,*,関係,36
165,0,理解,名詞,サ変接続,*,*,理解,36
168,0,タンパク質,名詞,一般,*,*,タンパク質,38
170,0,研究,名詞,サ変接続,*,*,研究,36
171,0,法,名詞,接尾,一般,*,法,51
173,0,説明,名詞,サ変接続,*,*,説明,36
174,0,できる,動詞,自立,*,*,できる,31
178,0,核酸,名詞,一般,*,*,核酸,38
180,0,構造,名詞,一般,*,*,構造,38
182,0,機能,名詞,サ変接続,*,*,機能,36
184,0,理解,名詞,サ変接続,*,*,理解,36
187,0,遺伝子発現,名詞,固有名詞,一般,*,遺伝子発現,41
189,0,制御,名詞,サ変接続,*,*,制御,36
190,0,機構,名詞,一般,*,*,機構,38
193,0,遺伝子工学,名詞,固有名詞,一般,*,遺伝子工学,41
195,0,含む,動詞,自立,*,*,含む,31
196,0,核酸,名詞,一般,*,*,核酸,38
198,0,研究,名詞,サ変接続,*,*,研究,36
199,0,法,名詞,接尾,一般,*,法,51
201,0,説明,名詞,サ変接続,*,*,説明,36
202,0,できる,動詞,自立,*,*,できる,31
206,0,糖鎖,名詞,固有名詞,一般,*,糖鎖,41
208,0,脂質,名詞,一般,*,*,脂質,38
210,0,化学構造,名詞,固有名詞,一般,*,化学構造,41
212,0,生体膜,名詞,固有名詞,一般,*,生体膜,41
214,0,構造,名詞,一般,*,*,構造,38
216,0,機能,名詞,サ変接続,*,*,機能,36
218,0,説明,名詞,サ変接続,*,*,説明,36
219,0,できる,動詞,自立,*,*,できる,31
223,0,酵素,名詞,一般,*,*,酵素,38
225,0,構造,名詞,一般,*,*,構造,38
227,0,機能,名詞,サ変接続,*,*,機能,36
229,0,反応,名詞,サ変接続,*,*,反応,36
231,0,速度,名詞,一般,*,*,速度,38
232,0,論,名詞,接尾,一般,*,論,51
234,0,触媒,名詞,一般,*,*,触媒,38
235,0,機構,名詞,一般,*,*,機構,38
237,0,理解,名詞,サ変接続,*,*,理解,36
239,0,説明,名詞,サ変接続,*,*,説明,36
240,0,できる,動詞,自立,*,*,できる,31
243,0,講義,名詞,サ変接続,*,*,講義,36
245,0,履修,名詞,サ変接続,*,*,履修,36
249,0,次,名詞,一般,*,*,次,38
251,0,能力,名詞,一般,*,*,能力,38
253,0,修得,名詞,サ変接続,*,*,修得,36
258,0,アミノ酸,名詞,一般,*,*,アミノ酸,38
261,0,タンパク質,名詞,一般,*,*,タンパク質,38
263,0,化学構造,名詞,固有名詞,一般,*,化学構造,41
265,0,立体,名詞,一般,*,*,立体,38
266,0,構造,名詞,一般,*,*,構造,38
268,0,説明,名詞,サ変接続,*,*,説明,36
269,0,できる,動詞,自立,*,*,できる,31
273,0,タンパク質,名詞,一般,*,*,タンパク質,38
275,0,基本,名詞,一般,*,*,基本,38
276,0,的,名詞,接尾,形容動詞語幹,*,的,52
278,0,性質,名詞,一般,*,*,性質,38
280,0,構造,名詞,一般,*,*,構造,38
282,0,機能,名詞,サ変接続,*,*,機能,36
284,0,関係,名詞,サ変接続,*,*,関係,36
286,0,理解,名詞,サ変接続,*,*,理解,36
289,0,タンパク質,名詞,一般,*,*,タンパク質,38
291,0,研究,名詞,サ変接続,*,*,研究,36
292,0,法,名詞,接尾,一般,*,法,51
294,0,説明,名詞,サ変接続,*,*,説明,36
295,0,できる,動詞,自立,*,*,できる,31
299,0,核酸,名詞,一般,*,*,核酸,38
301,0,構造,名詞,一般,*,*,構造,38
303,0,機能,名詞,サ変接続,*,*,機能,36
305,0,理解,名詞,サ変接続,*,*,理解,36
308,0,遺伝子発現,名詞,固有名詞,一般,*,遺伝子発現,41
310,0,制御,名詞,サ変接続,*,*,制御,36
311,0,機構,名詞,一般,*,*,機構,38
314,0,遺伝子工学,名詞,固有名詞,一般,*,遺伝子工学,41
316,0,含む,動詞,自立,*,*,含む,31
317,0,核酸,名詞,一般,*,*,核酸,38
319,0,研究,名詞,サ変接続,*,*,研究,36
320,0,法,名詞,接尾,一般,*,法,51
322,0,説明,名詞,サ変接続,*,*,説明,36
323,0,できる,動詞,自立,*,*,できる,31
327,0,糖鎖,名詞,固有名詞,一般,*,糖鎖,41
329,0,脂質,名詞,一般,*,*,脂質,38
331,0,化学構造,名詞,固有名詞,一般,*,化学構造,41
333,0,生体膜,名詞,固有名詞,一般,*,生体膜,41
335,0,構造,名詞,一般,*,*,構造,38
337,0,機能,名詞,サ変接続,*,*,機能,36
339,0,説明,名詞,サ変接続,*,*,説明,36
340,0,できる,動詞,自立,*,*,できる,31
344,0,酵素,名詞,一般,*,*,酵素,38
346,0,構造,名詞,一般,*,*,構造,38
348,0,機能,名詞,サ変接続,*,*,機能,36
350,0,反応,名詞,サ変接続,*,*,反応,36
352,0,速度,名詞,一般,*,*,速度,38
353,0,論,名詞,接尾,一般,*,論,51
355,0,触媒,名詞,一般,*,*,触媒,38
356,0,機構,名詞,一般,*,*,機構,38
358,0,理解,名詞,サ変接続,*,*,理解,36
360,0,説明,名詞,サ変接続,*,*,説明,36
361,0,できる,動詞,自立,*,*,できる,31
364,0,講義,名詞,サ変接続,*,*,講義,36
366,0,履修,名詞,サ変接続,*,*,履修,36
370,0,次,名詞,一般,*,*,次,38
372,0,能力,名詞,一般,*,*,能力,38
374,0,修得,名詞,サ変接続,*,*,修得,36
379,0,アミノ酸,名詞,一般,*,*,アミノ酸,38
382,0,タンパク質,名詞,一般,*,*,タンパク質,38
384,0,化学構造,名詞,固有名詞,一般,*,化学構造,41
386,0,立体,名詞,一般,*,*,立体,38
387,0,構造,名詞,一般,*,*,構造,38
389,0,説明,名詞,サ変接続,*,*,説明,36
390,0,できる,動詞,自立,*,*,できる,31
394,0,タンパク質,名詞,一般,*,*,タンパク質,38
396,0,基本,名詞,一般,*,*,基本,38
397,0,的,名詞,接尾,形容動詞語幹,*,的,52
399,0,性質,名詞,一般,*,*,性質,38
401,0,構造,名詞,一般,*,*,構造,38
403,0,機能,名詞,サ変接続,*,*,機能,36
405,0,関係,名詞,サ変接続,*,*,関係,36
407,0,理解,名詞,サ変接続,*,*,理解,36
410,0,タンパク質,名詞,一般,*,*,タンパク質,38
412,0,研究,名詞,サ変接続,*,*,研究,36
413,0,法,名詞,接尾,一般,*,法,51
415,0,説明,名詞,サ変接続,*,*,説明,36
416,0,できる,動詞,自立,*,*,できる,31
420,0,核酸,名詞,一般,*,*,核酸,38
422,0,構造,名詞,一般,*,*,構造,38
424,0,機能,名詞,サ変接続,*,*,機能,36
426,0,理解,名詞,サ変接続,*,*,理解,36
429,0,遺伝子発現,名詞,固有名詞,一般,*,遺伝子発現,41
431,0,制御,名詞,サ変接続,*,*,制御,36
432,0,機構,名詞,一般,*,*,機構,38
435,0,遺伝子工学,名詞,固有名詞,一般,*,遺伝子工学,41
437,0,含む,動詞,自立,*,*,含む,31
438,0,核酸,名詞,一般,*,*,核酸,38
440,0,研究,名詞,サ変接続,*,*,研究,36
441,0,法,名詞,接尾,一般,*,法,51
443,0,説明,名詞,サ変接続,*,*,説明,36
444,0,できる,動詞,自立,*,*,できる,31
448,0,糖鎖,名詞,固有名詞,一般,*,糖鎖,41
450,0,脂質,名詞,一般,*,*,脂質,38
452,0,化学構造,名詞,固有名詞,一般,*,化学構造,41
454,0,生体膜,名詞,固有名詞,一般,*,生体膜,41
456,0,構造,名詞,一般,*,*,構造,38
458,0,機能,名詞,サ変接続,*,*,機能,36
460,0,説明,名詞,サ変接続,*,*,説明,36
461,0,できる,動詞,自立,*,*,できる,31
465,0,酵素,名詞,一般,*,*,酵素,38
467,0,構造,名詞,一般,*,*,構造,38
469,0,機能,名詞,サ変接続,*,*,機能,36
471,0,反応,名詞,サ変接続,*,*,反応,36
473,0,速度,名詞,一般,*,*,速度,38
474,0,論,名詞,接尾,一般,*,論,51
476,0,触媒,名詞,一般,*,*,触媒,38
477,0,機構,名詞,一般,*,*,機構,38
479,0,理解,名詞,サ変接続,*,*,理解,36
481,0,説明,名詞,サ変接続,*,*,説明,36
482,0,できる,動詞,自立,*,*,できる,31
485,0,講義,名詞,サ変接続,*,*,講義,36
487,0,履修,名詞,サ変接続,*,*,履修,36
491,0,次,名詞,一般,*,*,次,38
493,0,能力,名詞,一般,*,*,能力,38
495,0,修得,名詞,サ変接続,*,*,修得,36
500,0,アミノ酸,名詞,一般,*,*,アミノ酸,38
503,0,タンパク質,名詞,一般,*,*,タンパク質,38
505,0,化学構造,名詞,固有名詞,一般,*,化学構造,41
507,0,立体,名詞,一般,*,*,立体,38
508,0,構造,名詞,一般,*,*,構造,38
510,0,説明,名詞,サ変接続,*,*,説明,36
511,0,できる,動詞,自立,*,*,できる,31
515,0,タンパク質,名詞,一般,*,*,タンパク質,38
517,0,基本,名詞,一般,*,*,基本,38
518,0,的,名詞,接尾,形容動詞語幹,*,的,52
520,0,性質,名詞,一般,*,*,性質,38
522,0,構造,名詞,一般,*,*,構造,38
524,0,機能,名詞,サ変接続,*,*,機能,36
526,0,関係,名詞,サ変接続,*,*,関係,36
528,0,理解,名詞,サ変接続,*,*,理解,36
531,0,タンパク質,名詞,一般,*,*,タンパク質,38
533,0,研究,名詞,サ変接続,*,*,研究,36
534,0,法,名詞,接尾,一般,*,法,51
536,0,説明,名詞,サ変接続,*,*,説明,36
537,0,できる,動詞,自立,*,*,できる,31
541,0,核酸,名詞,一般,*,*,核酸,38
543,0,構造,名詞,一般,*,*,構造,38
545,0,機能,名詞,サ変接続,*,*,機能,36
547,0,理解,名詞,サ変接続,*,*,理解,36
550,0,遺伝子発現,名詞,固有名詞,一般,*,遺伝子発現,41
552,0,制御,名詞,サ変接続,*,*,制御,36
553,0,機構,名詞,一般,*,*,機構,38
556,0,遺伝子工学,名詞,固有名詞,一般,*,遺伝子工学,41
558,0,含む,動詞,自立,*,*,含む,31
559,0,核酸,名詞,一般,*,*,核酸,38
561,0,研究,名詞,サ変接続,*,*,研究,36
562,0,法,名詞,接尾,一般,*,法,51
564,0,説明,名詞,サ変接続,*,*,説明,36
565,0,できる,動詞,自立,*,*,できる,31
569,0,糖鎖,名詞,固有名詞,一般,*,糖鎖,41
571,0,脂質,名詞,一般,*,*,脂質,38
573,0,化学構造,名詞,固有名詞,一般,*,化学構造,41
575,0,生体膜,名詞,固有名詞,一般,*,生体膜,41
577,0,構造,名詞,一般,*,*,構造,38
579,0,機能,名詞,サ変接続,*,*,機能,36
581,0,説明,名詞,サ変接続,*,*,説明,36
582,0,できる,動詞,自立,*,*,できる,31
586,0,酵素,名詞,一般,*,*,酵素,38
588,0,構造,名詞,一般,*,*,構造,38
590,0,機能,名詞,サ変接続,*,*,機能,36
592,0,反応,名詞,サ変接続,*,*,反応,36
594,0,速度,名詞,一般,*,*,速度,38
595,0,論,名詞,接尾,一般,*,論,51
597,0,触媒,名詞,一般,*,*,触媒,38
598,0,機構,名詞,一般,*,*,機構,38
600,0,理解,名詞,サ変接続,*,*,理解,36
602,0,説明,名詞,サ変接続,*,*,説明,36
603,0,できる,動詞,自立,*,*,できる,31
1,0,講義,名詞,サ変接続,*,*,講義,36
3,0,履修,名詞,サ変接続,*,*,履修,36
7,0,次,名詞,一般,*,*,次,38
9,0,能力,名詞,一般,*,*,能力,38
11,0,修得,名詞,サ変接続,*,*,修得,36
16,0,アミノ酸,名詞,一般,*,*,アミノ酸,38
19,0,タンパク質,名詞,一般,*,*,タンパク質,38
21,0,化学構造,名詞,固有名詞,一般,*,化学構造,41
23,0,立体,名詞,一般,*,*,立体,38
24,0,構造,名詞,一般,*,*,構造,38
26,0,説明,名詞,サ変接続,*,*,説明,36
27,0,できる,動詞,自立,*,*,できる,31
31,0,タンパク質,名詞,一般,*,*,タンパク質,38
33,0,基本,名詞,一般,*,*,基本,38
34,0,的,名詞,接尾,形容動詞語幹,*,的,52
36,0,性質,名詞,一般,*,*,性質,38
38,0,構造,名詞,一般,*,*,構造,38
40,0,機能,名詞,サ変接続,*,*,機能,36
42,0,関係,名詞,サ変接続,*,*,関係,36
44,0,理解,名詞,サ変接続,*,*,理解,36
47,0,タンパク質,名詞,一般,*,*,タンパク質,38
49,0,研究,名詞,サ変接続,*,*,研究,36
50,0,法,名詞,接尾,一般,*,法,51
52,0,説明,名詞,サ変接続,*,*,説明,36
53,0,できる,動詞,自立,*,*,できる,31
57,0,核酸,名詞,一般,*,*,核酸,38
59,0,構造,名詞,一般,*,*,構造,38
61,0,機能,名詞,サ変接続,*,*,機能,36
63,0,理解,名詞,サ変接続,*,*,理解,36
66,0,遺伝子発現,名詞,固有名詞,一般,*,遺伝子発現,41
68,0,制御,名詞,サ変接続,*,*,制御,36
69,0,機構,名詞,一般,*,*,機構,38
72,0,遺伝子工学,名詞,固有名詞,一般,*,遺伝子工学,41
74,0,含む,動詞,自立,*,*,含む,31
75,0,核酸,名詞,一般,*,*,核酸,38
77,0,研究,名詞,サ変接続,*,*,研究,36
78,0,法,名詞,接尾,一般,*,法,51
80,0,説明,名詞,サ変接続,*,*,説明,36
81,0,できる,動詞,自立,*,*,できる,31
85,0,糖鎖,名詞,固有名詞,一般,*,糖鎖,41
87,0,脂質,名詞,一般,*,*,脂質,38
89,0,化学構造,名詞,固有名詞,一般,*,化学構造,41
91,0,生体膜,名詞,固有名詞,一般,*,生体膜,41
93,0,構造,名詞,一般,*,*,構造,38
95,0,機能,名詞,サ変接続,*,*,機能,36
97,0,説明,名詞,サ変接続,*,*,説明,36
98,0,できる,動詞,自立,*,*,できる,31
102,0,酵素,名詞,一般,*,*,酵素,38
104,0,構造,名詞,一般,*,*,構造,38
106,0,機能,名詞,サ変接続,*,*,機能,36
108,0,反応,名詞,サ変接続,*,*,反応,36
110,0,速度,名詞,一般,*,*,速度,38
111,0,論,名詞,接尾,一般,*,論,51
113,0,触媒,名詞,一般,*,*,触媒,38
114,0,機構,名詞,一般,*,*,機構,38
116,0,理解,名詞,サ変接続,*,*,理解,36
118,0,説明,名詞,サ変接続,*,*,説明,36
119,0,できる,動詞,自立,*,*,できる,31
122,0,講義,名詞,サ変接続,*,*,講義,36
124,0,履修,名詞,サ変接続,*,*,履修,36
128,0,次,名詞,一般,*,*,次,38
130,0,能力,名詞,一般,*,*,能力,38
132,0,修得,名詞,サ変接続,*,*,修得,36
137,0,アミノ酸,名詞,一般,*,*,アミノ酸,38
140,0,タンパク質,名詞,一般,*,*,タンパク質,38
142,0,化学構造,名詞,固有名詞,一般,*,化学構造,41
144,0,立体,名詞,一般,*,*,立体,38
145,0,構造,名詞,一般,*,*,構造,38
147,0,説明,名詞,サ変接続,*,*,説明,36
148,0,できる,動詞,自立,*,*,できる,31
152,0,タンパク質,名詞,一般,*,*,タンパク質,38
154,0,基本,名詞,一般,*,*,基本,38
155,0,的,名詞,接尾,形容動詞語幹,*,的,52
157,0,性質,名詞,一般,*,*,性質,38
159,0,構造,名詞,一般,*,*,構造,38
161,0,機能,名詞,サ変接続,*,*,機能,36
163,0,関係,名詞,サ変接続,*,*,関係,36
165,0,理解,名詞,サ変接続,*,*,理解,36
168,0,タンパク質,名詞,一般,*,*,タンパク質,38
170,0,研究,名詞,サ変接続,*,*,研究,36
171,0,法,名詞,接尾,一般,*,法,51
173,0,説明,名詞,サ変接続,*,*,説明,36
174,0,できる,動詞,自立,*,*,できる,31
178,0,核酸,名詞,一般,*,*,核酸,38
180,0,構造,名詞,一般,*,*,構造,38
182,0,機能,名詞,サ変接続,*,*,機能,36
184,0,理解,名詞,サ変接続,*,*,理解,36
187,0,遺伝子発現,名詞,固有名詞,一般,*,遺伝子発現,41
189,0,制御,名詞,サ変接続,*,*,制御,36
190,0,機構,名詞,一般,*,*,機構,38
193,0,遺伝子工学,名詞,固有名詞,一般,*,遺伝子工学,41
195,0,含む,動詞,自立,*,*,含む,31
196,0,核酸,名詞,一般,*,*,核酸,38
198,0,研究,名詞,サ変接続,*,*,研究,36
199,0,法,名詞,接尾,一般,*,法,51
201,0,説明,名詞,サ変接続,*,*,説明,36
202,0,できる,動詞,自立,*,*,できる,31
206,0,糖鎖,名詞,固有名詞,一般,*,糖鎖,41
208,0,脂質,名詞,一般,*,*,脂質,38
210,0,化学構造,名詞,固有名詞,一般,*,化学構造,41
212,0,生体膜,名詞,固有名詞,一般,*,生体膜,41
214,0,構造,名詞,一般,*,*,構造,38
216,0,機能,名詞,サ変接続,*,*,機能,36
218,0,説明,名詞,サ変接続,*,*,説明,36
219,0,できる,動詞,自立,*,*,できる,31
223,0,酵素,名詞,一般,*,*,酵素,38
225,0,構造,名詞,一般,*,*,構造,38
227,0,機能,名詞,サ変接続,*,*,機能,36
229,0,反応,名詞,サ変接続,*,*,反応,36
231,0,速度,名詞,一般,*,*,速度,38
232,0,論,名詞,接尾,一般,*,論,51
234,0,触媒,名詞,一般,*,*,触媒,38
235,0,機構,名詞,一般,*,*,機構,38
237,0,理解,名詞,サ変接続,*,*,理解,36
239,0,説明,名詞,サ変接続,*,*,説明,36
240,0,できる,動詞,自立,*,*,できる,31
243,0,講義,名詞,サ変接続,*,*,講義,36
245,0,履修,名詞,サ変接続,*,*,履修,36
249,0,次,名詞,一般,*,*,次,38
251,0,能力,名詞,一般,*,*,能力,38
253,0,修得,名詞,サ変接続,*,*,修得,36
258,0,アミノ酸,名詞,一般,*,*,アミノ酸,38
261,0,タンパク質,名詞,一般,*,*,タンパク質,38
263,0,化学構造,名詞,固有名詞,一般,*,化学構造,41
265,0,立体,名詞,一般,*,*,立体,38
266,0,構造,名詞,一般,*,*,構造,38
268,0,説明,名詞,サ変接続,*,*,説明,36
269,0,できる,動詞,自立,*,*,できる,31
273,0,タンパク質,名詞,一般,*,*,タンパク質,38
275,0,基本,名詞,一般,*,*,基本,38
276,0,的,名詞,接尾,形容動詞語幹,*,的,52
278,0,性質,名詞,一般,*,*,性質,38
280,0,構造,名詞,一般,*,*,構造,38
282,0,機能,名詞,サ変接続,*,*,機能,36
284,0,関係,名詞,サ変接続,*,*,関係,36
286,0,理解,名詞,サ変接続,*,*,理解,36
289,0,タンパク質,名詞,一般,*,*,タンパク質,38
291,0,研究,名詞,サ変接続,*,*,研究,36
292,0,法,名詞,接尾,一般,*,法,51
294,0,説明,名詞,サ変接続,*,*,説明,36
295,0,できる,動詞,自立,*,*,できる,31
299,0,核酸,名詞,一般,*,*,核酸,38
301,0,構造,名詞,一般,*,*,構造,38
303,0,機能,名詞,サ変接続,*,*,機能,36
305,0,理解,名詞,サ変接続,*,*,理解,36
308,0,遺伝子発現,名詞,固有名詞,一般,*,遺伝子発現,41
310,0,制御,名詞,サ変接続,*,*,制御,36
311,0,機構,名詞,一般,*,*,機構,38
314,0,遺伝子工学,名詞,固有名詞,一般,*,遺伝子工学,41
316,0,含む,動詞,自立,*,*,含む,31
317,0,核酸,名詞,一般,*,*,核酸,38
319,0,研究,名詞,サ変接続,*,*,研究,36
320,0,法,名詞,接尾,一般,*,法,51
322,0,説明,名詞,サ変接続,*,*,説明,36
323,0,できる,動詞,自立,*,*,できる,31
327,0,糖鎖,名詞,固有名詞,一般,*,糖鎖,41
329,0,脂質,名詞,一般,*,*,脂質,38
331,0,化学構造,名詞,固有名詞,一般,*,化学構造,41
333,0,生体膜,名詞,固有名詞,一般,*,生体膜,41
335,0,構造,名詞,一般,*,*,構造,38
337,0,機能,名詞,サ変接続,*,*,機能,36
339,0,説明,名詞,サ変接続,*,*,説明,36
340,0,できる,動詞,自立,*,*,できる,31
344,0,酵素,名詞,一般,*,*,酵素,38
346,0,構造,名詞,一般,*,*,構造,38
348,0,機能,名詞,サ変接続,*,*,機能,36
350,0,反応,名詞,サ変接続,*,*,反応,36
352,0,速度,名詞,一般,*,*,速度,38
353,0,論,名詞,接尾,一般,*,論,51
355,0,触媒,名詞,一般,*,*,触媒,38
356,0,機構,名詞,一般,*,*,機構,38
358,0,理解,名詞,サ変接続,*,*,理解,36
360,0,説明,名詞,サ変接続,*,*,説明,36
361,0,できる,動詞,自立,*,*,できる,31
364,0,講義,名詞,サ変接続,*,*,講義,36
366,0,履修,名詞,サ変接続,*,*,履修,36
370,0,次,名詞,一般,*,*,次,38
372,0,能力,名詞,一般,*,*,能力,38
374,0,修得,名詞,サ変接続,*,*,修得,36
379,0,アミノ酸,名詞,一般,*,*,アミノ酸,38
382,0,タンパク質,名詞,一般,*,*,タンパク質,38
384,0,化学構造,名詞,固有名詞,一般,*,化学構造,41
386,0,立体,名詞,一般,*,*,立体,38
387,0,構造,名詞,一般,*,*,構造,38
389,0,説明,名詞,サ変接続,*,*,説明,36
390,0,できる,動詞,自立,*,*,できる,31
394,0,タンパク質,名詞,一般,*,*,タンパク質,38
396,0,基本,名詞,一般,*,*,基本,38
397,0,的,名詞,接尾,形容動詞語幹,*,的,52
399,0,性質,名詞,一般,*,*,性質,38
401,0,構造,名詞,一般,*,*,構造,38
403,0,機能,名詞,サ変接続,*,*,機能,36
405,0,関係,名詞,サ変接続,*,*,関係,36
407,0,理解,名詞,サ変接続,*,*,理解,36
410,0,タンパク質,名詞,一般,*,*,タンパク質,38
412,0,研究,名詞,サ変接続,*,*,研究,36
413,0,法,名詞,接尾,一般,*,法,51
415,0,説明,名詞,サ変接続,*,*,説明,36
416,0,できる,動詞,自立,*,*,できる,31
420,0,核酸,名詞,一般,*,*,核酸,38
422,0,構造,名詞,一般,*,*,構造,38
424,0,機能,名詞,サ変接続,*,*,機能,36
426,0,理解,名詞,サ変接続,*,*,理解,36
429,0,遺伝子発現,名詞,固有名詞,一般,*,遺伝子発現,41
431,0,制御,名詞,サ変接続,*,*,制御,36
432,0,機構,名詞,一般,*,*,機構,38
435,0,遺伝子工学,名詞,固有名詞,一般,*,遺伝子工学,41
437,0,含む,動詞,自立,*,*,含む,31
438,0,核酸,名詞,一般,*,*,核酸,38
440,0,研究,名詞,サ変接続,*,*,研究,36
441,0,法,名詞,接尾,一般,*,法,51
443,0,説明,名詞,サ変接続,*,*,説明,36
444,0,できる,動詞,自立,*,*,できる,31
448,0,糖鎖,名詞,固有名詞,一般,*,糖鎖,41
450,0,脂質,名詞,一般,*,*,脂質,38
452,0,化学構造,名詞,固有名詞,一般,*,化学構造,41
454,0,生体膜,名詞,固有名詞,一般,*,生体膜,41
456,0,構造,名詞,一般,*,*,構造,38
458,0,機能,名詞,サ変接続,*,*,機能,36
460,0,説明,名詞,サ変接続,*,*,説明,36
461,0,できる,動詞,自立,*,*,できる,31
465,0,酵素,名詞,一般,*,*,酵素,38
467,0,構造,名詞,一般,*,*,構造,38
469,0,機能,名詞,サ変接続,*,*,機能,36
471,0,反応,名詞,サ変接続,*,*,反応,36
473,0,速度,名詞,一般,*,*,速度,38
474,0,論,名詞,接尾,一般,*,論,51
476,0,触媒,名詞,一般,*,*,触媒,38
477,0,機構,名詞,一般,*,*,機構,38
479,0,理解,名詞,サ変接続,*,*,理解,36
481,0,説明,名詞,サ変接続,*,*,説明,36
482,0,できる,動詞,自立,*,*,できる,31
485,0,講義,名詞,サ変接続,*,*,講義,36
487,0,履修,名詞,サ変接続,*,*,履修,36
491,0,次,名詞,一般,*,*,次,38
493,0,能力,名詞,一般,*,*,能力,38
495,0,修得,名詞,サ変接続,*,*,修得,36
500,0,アミノ酸,名詞,一般,*,*,アミノ酸,38
503,0,タンパク質,名詞,一般,*,*,タンパク質,38
505,0,化学構造,名詞,固有名詞,一般,*,化学構造,41
507,0,立体,名詞,一般,*,*,立体,38
508,0,構造,名詞,一般,*,*,構造,38
510,0,説明,名詞,サ変接続,*,*,説明,36
511,0,できる,動詞,自立,*,*,できる,31
515,0,タンパク質,名詞,一般,*,*,タンパク質,38
517,0,基本,名詞,一般,*,*,基本,38
518,0,的,名詞,接尾,形容動詞語幹,*,的,52
520,0,性質,名詞,一般,*,*,性質,38
522,0,構造,名詞,一般,*,*,構造,38
524,0,機能,名詞,サ変接続,*,*,機能,36
526,0,関係,名詞,サ変接続,*,*,関係,36
528,0,理解,名詞,サ変接続,*,*,理解,36
531,0,タンパク質,名詞,一般,*,*,タンパク質,38
533,0,研究,名詞,サ変接続,*,*,研究,36
534,0,法,名詞,接尾,一般,*,法,51
536,0,説明,名詞,サ変接続,*,*,説明,36
537,0,できる,動詞,自立,*,*,できる,31
541,0,核酸,名詞,一般,*,*,核酸,38
543,0,構造,名詞,一般,*,*,構造,38
545,0,機能,名詞,サ変接続,*,*,機能,36
547,0,理解,名詞,サ変接続,*,*,理解,36
550,0,遺伝子発現,名詞,固有名詞,一般,*,遺伝子発現,41
552,0,制御,名詞,サ変接続,*,*,制御,36
553,0,機構,名詞,一般,*,*,機構,38
556,0,遺伝子工学,名詞,固有名詞,一般,*,遺伝子工学,41
558,0,含む,動詞,自立,*,*,含む,31
559,0,核酸,名詞,一般,*,*,核酸,38
561,0,研究,名詞,サ変接続,*,*,研究,36
562,0,法,名詞,接尾,一般,*,法,51
564,0,説明,名詞,サ変接続,*,*,説明,36
565,0,できる,動詞,自立,*,*,できる,31
569,0,糖鎖,名詞,固有名詞,一般,*,糖鎖,41
571,0,脂質,名詞,一般,*,*,脂質,38
573,0,化学構造,名詞,固有名詞,一般,*,化学構造,41
575,0,生体膜,名詞,固有名詞,一般,*,生体膜,41
577,0,構造,名詞,一般,*,*,構造,38
579,0,機能,名詞,サ変接続,*,*,機能,36
581,0,説明,名詞,サ変接続,*,*,説明,36
582,0,できる,動詞,自立,*,*,できる,31
586,0,酵素,名詞,一般,*,*,酵素,38
588,0,構造,名詞,一般,*,*,構造,38
590,0,機能,名詞,サ変接続,*,*,機能,36
592,0,反応,名詞,サ変接続,*,*,反応,36
594,0,速度,名詞,一般,*,*,速度,38
595,0,論,名詞,接尾,一般,*,論,51
597,0,触媒,名詞,一般,*,*,触媒,38
598,0,機構,名詞,一般,*,*,機構,38
600,0,理解,名詞,サ変接続,*,*,理解,36
602,0,説明,名詞,サ変接続,*,*,説明,36
603,0,できる,動詞,自立,*,*,できる,31
0,0,生体,名詞,一般,*,*,生体,38
1,0,分子,名詞,一般,*,*,分子,38
2,0,アミノ酸,名詞,一般,*,*,アミノ酸,38
3,0,タンパク質,名詞,一般,*,*,タンパク質,38
4,0,核酸,名詞,一般,*,*,核酸,38
6,0,遺伝子,名詞,一般,*,*,遺伝子,38
7,0,遺伝子工学,名詞,固有名詞,一般,*,遺伝子工学,41
8,0,糖,名詞,接尾,一般,*,糖,51
9,0,糖鎖,名詞,固有名詞,一般,*,糖鎖,41
10,0,脂質,名詞,一般,*,*,脂質,38
11,0,生体膜,名詞,固有名詞,一般,*,生体膜,41
12,0,酵素反応,名詞,固有名詞,一般,*,酵素反応,41
13,0,速度,名詞,一般,*,*,速度,38
14,0,反応機構,名詞,固有名詞,一般,*,反応機構,41
15,0,生体,名詞,一般,*,*,生体,38
16,0,分子,名詞,一般,*,*,分子,38
17,0,アミノ酸,名詞,一般,*,*,アミノ酸,38
18,0,タンパク質,名詞,一般,*,*,タンパク質,38
19,0,核酸,名詞,一般,*,*,核酸,38
21,0,遺伝子,名詞,一般,*,*,遺伝子,38
22,0,遺伝子工学,名詞,固有名詞,一般,*,遺伝子工学,41
23,0,糖,名詞,接尾,一般,*,糖,51
24,0,糖鎖,名詞,固有名詞,一般,*,糖鎖,41
25,0,脂質,名詞,一般,*,*,脂質,38
26,0,生体膜,名詞,固有名詞,一般,*,生体膜,41
27,0,酵素反応,名詞,固有名詞,一般,*,酵素反応,41
28,0,速度,名詞,一般,*,*,速度,38
29,0,反応機構,名詞,固有名詞,一般,*,反応機構,41
30,0,生体,名詞,一般,*,*,生体,38
31,0,分子,名詞,一般,*,*,分子,38
32,0,アミノ酸,名詞,一般,*,*,アミノ酸,38
33,0,タンパク質,名詞,一般,*,*,タンパク質,38
34,0,核酸,名詞,一般,*,*,核酸,38
36,0,遺伝子,名詞,一般,*,*,遺伝子,38
37,0,遺伝子工学,名詞,固有名詞,一般,*,遺伝子工学,41
38,0,糖,名詞,接尾,一般,*,糖,51
39,0,糖鎖,名詞,固有名詞,一般,*,糖鎖,41
40,0,脂質,名詞,一般,*,*,脂質,38
41,0,生体膜,名詞,固有名詞,一般,*,生体膜,41
42,0,酵素反応,名詞,固有名詞,一般,*,酵素反応,41
43,0,速度,名詞,一般,*,*,速度,38
44,0,反応機構,名詞,固有名詞,一般,*,反応機構,41
45,0,生体,名詞,一般,*,*,生体,38
46,0,分子,名詞,一般,*,*,分子,38
47,0,アミノ酸,名詞,一般,*,*,アミノ酸,38
48,0,タンパク質,名詞,一般,*,*,タンパク質,38
49,0,核酸,名詞,一般,*,*,核酸,38
51,0,遺伝子,名詞,一般,*,*,遺伝子,38
52,0,遺伝子工学,名詞,固有名詞,一般,*,遺伝子工学,41
53,0,糖,名詞,接尾,一般,*,糖,51
54,0,糖鎖,名詞,固有名詞,一般,*,糖鎖,41
55,0,脂質,名詞,一般,*,*,脂質,38
56,0,生体膜,名詞,固有名詞,一般,*,生体膜,41
57,0,酵素反応,名詞,固有名詞,一般,*,酵素反応,41
58,0,速度,名詞,一般,*,*,速度,38
59,0,反応機構,名詞,固有名詞,一般,*,反応機構,41
60,0,生体,名詞,一般,*,*,生体,38
61,0,分子,名詞,一般,*,*,分子,38
62,0,アミノ酸,名詞,一般,*,*,アミノ酸,38
63,0,タンパク質,名詞,一般,*,*,タンパク質,38
64,0,核酸,名詞,一般,*,*,核酸,38
66,0,遺伝子,名詞,一般,*,*,遺伝子,38
67,0,遺伝子工学,名詞,固有名詞,一般,*,遺伝子工学,41
68,0,糖,名詞,接尾,一般,*,糖,51
69,0,糖鎖,名詞,固有名詞,一般,*,糖鎖,41
70,0,脂質,名詞,一般,*,*,脂質,38
71,0,生体膜,名詞,固有名詞,一般,*,生体膜,41
72,0,酵素反応,名詞,固有名詞,一般,*,酵素反応,41
73,0,速度,名詞,一般,*,*,速度,38
74,0,反応機構,名詞,固有名詞,一般,*,反応機構,41
0,0,生体,名詞,一般,*,*,生体,38
1,0,分子,名詞,一般,*,*,分子,38
2,0,アミノ酸,名詞,一般,*,*,アミノ酸,38
3,0,タンパク質,名詞,一般,*,*,タンパク質,38
4,0,核酸,名詞,一般,*,*,核酸,38
6,0,遺伝子,名詞,一般,*,*,遺伝子,38
7,0,遺伝子工学,名詞,固有名詞,一般,*,遺伝子工学,41
8,0,糖,名詞,接尾,一般,*,糖,51
9,0,糖鎖,名詞,固有名詞,一般,*,糖鎖,41
10,0,脂質,名詞,一般,*,*,脂質,38
11,0,生体膜,名詞,固有名詞,一般,*,生体膜,41
12,0,酵素反応,名詞,固有名詞,一般,*,酵素反応,41
13,0,速度,名詞,一般,*,*,速度,38
14,0,反応機構,名詞,固有名詞,一般,*,反応機構,41
15,0,生体,名詞,一般,*,*,生体,38
16,0,分子,名詞,一般,*,*,分子,38
17,0,アミノ酸,名詞,一般,*,*,アミノ酸,38
18,0,タンパク質,名詞,一般,*,*,タンパク質,38
19,0,核酸,名詞,一般,*,*,核酸,38
21,0,遺伝子,名詞,一般,*,*,遺伝子,38
22,0,遺伝子工学,名詞,固有名詞,一般,*,遺伝子工学,41
23,0,糖,名詞,接尾,一般,*,糖,51
24,0,糖鎖,名詞,固有名詞,一般,*,糖鎖,41
25,0,脂質,名詞,一般,*,*,脂質,38
26,0,生体膜,名詞,固有名詞,一般,*,生体膜,41
27,0,酵素反応,名詞,固有名詞,一般,*,酵素反応,41
28,0,速度,名詞,一般,*,*,速度,38
29,0,反応機構,名詞,固有名詞,一般,*,反応機構,41
30,0,生体,名詞,一般,*,*,生体,38
31,0,分子,名詞,一般,*,*,分子,38
32,0,アミノ酸,名詞,一般,*,*,アミノ酸,38
33,0,タンパク質,名詞,一般,*,*,タンパク質,38
34,0,核酸,名詞,一般,*,*,核酸,38
36,0,遺伝子,名詞,一般,*,*,遺伝子,38
37,0,遺伝子工学,名詞,固有名詞,一般,*,遺伝子工学,41
38,0,糖,名詞,接尾,一般,*,糖,51
39,0,糖鎖,名詞,固有名詞,一般,*,糖鎖,41
40,0,脂質,名詞,一般,*,*,脂質,38
41,0,生体膜,名詞,固有名詞,一般,*,生体膜,41
42,0,酵素反応,名詞,固有名詞,一般,*,酵素反応,41
43,0,速度,名詞,一般,*,*,速度,38
44,0,反応機構,名詞,固有名詞,一般,*,反応機構,41
45,0,生体,名詞,一般,*,*,生体,38
46,0,分子,名詞,一般,*,*,分子,38
47,0,アミノ酸,名詞,一般,*,*,アミノ酸,38
48,0,タンパク質,名詞,一般,*,*,タンパク質,38
49,0,核酸,名詞,一般,*,*,核酸,38
51,0,遺伝子,名詞,一般,*,*,遺伝子,38
52,0,遺伝子工学,名詞,固有名詞,一般,*,遺伝子工学,41
53,0,糖,名詞,接尾,一般,*,糖,51
54,0,糖鎖,名詞,固有名詞,一般,*,糖鎖,41
55,0,脂質,名詞,一般,*,*,脂質,38
56,0,生体膜,名詞,固有名詞,一般,*,生体膜,41
57,0,酵素反応,名詞,固有名詞,一般,*,酵素反応,41
58,0,速度,名詞,一般,*,*,速度,38
59,0,反応機構,名詞,固有名詞,一般,*,反応機構,41
60,0,生体,名詞,一般,*,*,生体,38
61,0,分子,名詞,一般,*,*,分子,38
62,0,アミノ酸,名詞,一般,*,*,アミノ酸,38
63,0,タンパク質,名詞,一般,*,*,タンパク質,38
64,0,核酸,名詞,一般,*,*,核酸,38
66,0,遺伝子,名詞,一般,*,*,遺伝子,38
67,0,遺伝子工学,名詞,固有名詞,一般,*,遺伝子工学,41
68,0,糖,名詞,接尾,一般,*,糖,51
69,0,糖鎖,名詞,固有名詞,一般,*,糖鎖,41
70,0,脂質,名詞,一般,*,*,脂質,38
71,0,生体膜,名詞,固有名詞,一般,*,生体膜,41
72,0,酵素反応,名詞,固有名詞,一般,*,酵素反応,41
73,0,速度,名詞,一般,*,*,速度,38
74,0,反応機構,名詞,固有名詞,一般,*,反応機構,41
0,0,生体,名詞,一般,*,*,生体,38
1,0,分子,名詞,一般,*,*,分子,38
2,0,アミノ酸,名詞,一般,*,*,アミノ酸,38
3,0,タンパク質,名詞,一般,*,*,タンパク質,38
4,0,核酸,名詞,一般,*,*,核酸,38
6,0,遺伝子,名詞,一般,*,*,遺伝子,38
7,0,遺伝子工学,名詞,固有名詞,一般,*,遺伝子工学,41
8,0,糖,名詞,接尾,一般,*,糖,51
9,0,糖鎖,名詞,固有名詞,一般,*,糖鎖,41
10,0,脂質,名詞,一般,*,*,脂質,38
11,0,生体膜,名詞,固有名詞,一般,*,生体膜,41
12,0,酵素反応,名詞,固有名詞,一般,*,酵素反応,41
13,0,速度,名詞,一般,*,*,速度,38
14,0,反応機構,名詞,固有名詞,一般,*,反応機構,41
15,0,生体,名詞,一般,*,*,生体,38
16,0,分子,名詞,一般,*,*,分子,38
17,0,アミノ酸,名詞,一般,*,*,アミノ酸,38
18,0,タンパク質,名詞,一般,*,*,タンパク質,38
19,0,核酸,名詞,一般,*,*,核酸,38
21,0,遺伝子,名詞,一般,*,*,遺伝子,38
22,0,遺伝子工学,名詞,固有名詞,一般,*,遺伝子工学,41
23,0,糖,名詞,接尾,一般,*,糖,51
24,0,糖鎖,名詞,固有名詞,一般,*,糖鎖,41
25,0,脂質,名詞,一般,*,*,脂質,38
26,0,生体膜,名詞,固有名詞,一般,*,生体膜,41
27,0,酵素反応,名詞,固有名詞,一般,*,酵素反応,41
28,0,速度,名詞,一般,*,*,速度,38
29,0,反応機構,名詞,固有名詞,一般,*,反応機構,41
30,0,生体,名詞,一般,*,*,生体,38
31,0,分子,名詞,一般,*,*,分子,38
32,0,アミノ酸,名詞,一般,*,*,アミノ酸,38
33,0,タンパク質,名詞,一般,*,*,タンパク質,38
34,0,核酸,名詞,一般,*,*,核酸,38
36,0,遺伝子,名詞,一般,*,*,遺伝子,38
37,0,遺伝子工学,名詞,固有名詞,一般,*,遺伝子工学,41
38,0,糖,名詞,接尾,一般,*,糖,51
39,0,糖鎖,名詞,固有名詞,一般,*,糖鎖,41
40,0,脂質,名詞,一般,*,*,脂質,38
41,0,生体膜,名詞,固有名詞,一般,*,生体膜,41
42,0,酵素反応,名詞,固有名詞,一般,*,酵素反応,41
43,0,速度,名詞,一般,*,*,速度,38
44,0,反応機構,名詞,固有名詞,一般,*,反応機構,41
45,0,生体,名詞,一般,*,*,生体,38
46,0,分子,名詞,一般,*,*,分子,38
47,0,アミノ酸,名詞,一般,*,*,アミノ酸,38
48,0,タンパク質,名詞,一般,*,*,タンパク質,38
49,0,核酸,名詞,一般,*,*,核酸,38
51,0,遺伝子,名詞,一般,*,*,遺伝子,38
52,0,遺伝子工学,名詞,固有名詞,一般,*,遺伝子工学,41
53,0,糖,名詞,接尾,一般,*,糖,51
54,0,糖鎖,名詞,固有名詞,一般,*,糖鎖,41
55,0,脂質,名詞,一般,*,*,脂質,38
56,0,生体膜,名詞,固有名詞,一般,*,生体膜,41
57,0,酵素反応,名詞,固有名詞,一般,*,酵素反応,41
58,0,速度,名詞,一般,*,*,速度,38
59,0,反応機構,名詞,固有名詞,一般,*,反応機構,41
60,0,生体,名詞,一般,*,*,生体,38
61,0,分子,名詞,一般,*,*,分子,38
62,0,アミノ酸,名詞,一般,*,*,アミノ酸,38
63,0,タンパク質,名詞,一般,*,*,タンパク質,38
64,0,核酸,名詞,一般,*,*,核酸,38
66,0,遺伝子,名詞,一般,*,*,遺伝子,38
67,0,遺伝子工学,名詞,固有名詞,一般,*,遺伝子工学,41
68,0,糖,名詞,接尾,一般,*,糖,51
69,0,糖鎖,名詞,固有名詞,一般,*,糖鎖,41
70,0,脂質,名詞,一般,*,*,脂質,38
71,0,生体膜,名詞,固有名詞,一般,*,生体膜,41
72,0,酵素反応,名詞,固有名詞,一般,*,酵素反応,41
73,0,速度,名詞,一般,*,*,速度,38
74,0,反応機構,名詞,固有名詞,一般,*,反応機構,41
0,0,生体,名詞,一般,*,*,生体,38
1,0,分子,名詞,一般,*,*,分子,38
2,0,アミノ酸,名詞,一般,*,*,アミノ酸,38
3,0,タンパク質,名詞,一般,*,*,タンパク質,38
4,0,核酸,名詞,一般,*,*,核酸,38
6,0,遺伝子,名詞,一般,*,*,遺伝子,38
7,0,遺伝子工学,名詞,固有名詞,一般,*,遺伝子工学,41
8,0,糖,名詞,接尾,一般,*,糖,51
9,0,糖鎖,名詞,固有名詞,一般,*,糖鎖,41
10,0,脂質,名詞,一般,*,*,脂質,38
11,0,生体膜,名詞,固有名詞,一般,*,生体膜,41
12,0,酵素反応,名詞,固有名詞,一般,*,酵素反応,41
13,0,速度,名詞,一般,*,*,速度,38
14,0,反応機構,名詞,固有名詞,一般,*,反応機構,41
15,0,生体,名詞,一般,*,*,生体,38
16,0,分子,名詞,一般,*,*,分子,38
17,0,アミノ酸,名詞,一般,*,*,アミノ酸,38
18,0,タンパク質,名詞,一般,*,*,タンパク質,38
19,0,核酸,名詞,一般,*,*,核酸,38
21,0,遺伝子,名詞,一般,*,*,遺伝子,38
22,0,遺伝子工学,名詞,固有名詞,一般,*,遺伝子工学,41
23,0,糖,名詞,接尾,一般,*,糖,51
24,0,糖鎖,名詞,固有名詞,一般,*,糖鎖,41
25,0,脂質,名詞,一般,*,*,脂質,38
26,0,生体膜,名詞,固有名詞,一般,*,生体膜,41
27,0,酵素反応,名詞,固有名詞,一般,*,酵素反応,41
28,0,速度,名詞,一般,*,*,速度,38
29,0,反応機構,名詞,固有名詞,一般,*,反応機構,41
30,0,生体,名詞,一般,*,*,生体,38
31,0,分子,名詞,一般,*,*,分子,38
32,0,アミノ酸,名詞,一般,*,*,アミノ酸,38
33,0,タンパク質,名詞,一般,*,*,タンパク質,38
34,0,核酸,名詞,一般,*,*,核酸,38
36,0,遺伝子,名詞,一般,*,*,遺伝子,38
37,0,遺伝子工学,名詞,固有名詞,一般,*,遺伝子工学,41
38,0,糖,名詞,接尾,一般,*,糖,51
39,0,糖鎖,名詞,固有名詞,一般,*,糖鎖,41
40,0,脂質,名詞,一般,*,*,脂質,38
41,0,生体膜,名詞,固有名詞,一般,*,生体膜,41
42,0,酵素反応,名詞,固有名詞,一般,*,酵素反応,41
43,0,速度,名詞,一般,*,*,速度,38
44,0,反応機構,名詞,固有名詞,一般,*,反応機構,41
45,0,生体,名詞,一般,*,*,生体,38
46,0,分子,名詞,一般,*,*,分子,38
47,0,アミノ酸,名詞,一般,*,*,アミノ酸,38
48,0,タンパク質,名詞,一般,*,*,タンパク質,38
49,0,核酸,名詞,一般,*,*,核酸,38
51,0,遺伝子,名詞,一般,*,*,遺伝子,38
52,0,遺伝子工学,名詞,固有名詞,一般,*,遺伝子工学,41
53,0,糖,名詞,接尾,一般,*,糖,51
54,0,糖鎖,名詞,固有名詞,一般,*,糖鎖,41
55,0,脂質,名詞,一般,*,*,脂質,38
56,0,生体膜,名詞,固有名詞,一般,*,生体膜,41
57,0,酵素反応,名詞,固有名詞,一般,*,酵素反応,41
58,0,速度,名詞,一般,*,*,速度,38
59,0,反応機構,名詞,固有名詞,一般,*,反応機構,41
60,0,生体,名詞,一般,*,*,生体,38
61,0,分子,名詞,一般,*,*,分子,38
62,0,アミノ酸,名詞,一般,*,*,アミノ酸,38
63,0,タンパク質,名詞,一般,*,*,タンパク質,38
64,0,核酸,名詞,一般,*,*,核酸,38
66,0,遺伝子,名詞,一般,*,*,遺伝子,38
67,0,遺伝子工学,名詞,固有名詞,一般,*,遺伝子工学,41
68,0,糖,名詞,接尾,一般,*,糖,51
69,0,糖鎖,名詞,固有名詞,一般,*,糖鎖,41
70,0,脂質,名詞,一般,*,*,脂質,38
71,0,生体膜,名詞,固有名詞,一般,*,生体膜,41
72,0,酵素反応,名詞,固有名詞,一般,*,酵素反応,41
73,0,速度,名詞,一般,*,*,速度,38
74,0,反応機構,名詞,固有名詞,一般,*,反応機構,41
0,0,生体,名詞,一般,*,*,生体,38
1,0,分子,名詞,一般,*,*,分子,38
2,0,アミノ酸,名詞,一般,*,*,アミノ酸,38
3,0,タンパク質,名詞,一般,*,*,タンパク質,38
4,0,核酸,名詞,一般,*,*,核酸,38
6,0,遺伝子,名詞,一般,*,*,遺伝子,38
7,0,遺伝子工学,名詞,固有名詞,一般,*,遺伝子工学,41
8,0,糖,名詞,接尾,一般,*,糖,51
9,0,糖鎖,名詞,固有名詞,一般,*,糖鎖,41
10,0,脂質,名詞,一般,*,*,脂質,38
11,0,生体膜,名詞,固有名詞,一般,*,生体膜,41
12,0,酵素反応,名詞,固有名詞,一般,*,酵素反応,41
13,0,速度,名詞,一般,*,*,速度,38
14,0,反応機構,名詞,固有名詞,一般,*,反応機構,41
15,0,生体,名詞,一般,*,*,生体,38
16,0,分子,名詞,一般,*,*,分子,38
17,0,アミノ酸,名詞,一般,*,*,アミノ酸,38
18,0,タンパク質,名詞,一般,*,*,タンパク質,38
19,0,核酸,名詞,一般,*,*,核酸,38
21,0,遺伝子,名詞,一般,*,*,遺伝子,38
22,0,遺伝子工学,名詞,固有名詞,一般,*,遺伝子工学,41
23,0,糖,名詞,接尾,一般,*,糖,51
24,0,糖鎖,名詞,固有名詞,一般,*,糖鎖,41
25,0,脂質,名詞,一般,*,*,脂質,38
26,0,生体膜,名詞,固有名詞,一般,*,生体膜,41
27,0,酵素反応,名詞,固有名詞,一般,*,酵素反応,41
28,0,速度,名詞,一般,*,*,速度,38
29,0,反応機構,名詞,固有名詞,一般,*,反応機構,41
30,0,生体,名詞,一般,*,*,生体,38
31,0,分子,名詞,一般,*,*,分子,38
32,0,アミノ酸,名詞,一般,*,*,アミノ酸,38
33,0,タンパク質,名詞,一般,*,*,タンパク質,38
34,0,核酸,名詞,一般,*,*,核酸,38
36,0,遺伝子,名詞,一般,*,*,遺伝子,38
37,0,遺伝子工学,名詞,固有名詞,一般,*,遺伝子工学,41
38,0,糖,名詞,接尾,一般,*,糖,51
39,0,糖鎖,名詞,固有名詞,一般,*,糖鎖,41
40,0,脂質,名詞,一般,*,*,脂質,38
41,0,生体膜,名詞,固有名詞,一般,*,生体膜,41
42,0,酵素反応,名詞,固有名詞,一般,*,酵素反応,41
43,0,速度,名詞,一般,*,*,速度,38
44,0,反応機構,名詞,固有名詞,一般,*,反応機構,41
45,0,生体,名詞,一般,*,*,生体,38
46,0,分子,名詞,一般,*,*,分子,38
47,0,アミノ酸,名詞,一般,*,*,アミノ酸,38
48,0,タンパク質,名詞,一般,*,*,タンパク質,38
49,0,核酸,名詞,一般,*,*,核酸,38
51,0,遺伝子,名詞,一般,*,*,遺伝子,38
52,0,遺伝子工学,名詞,固有名詞,一般,*,遺伝子工学,41
53,0,糖,名詞,接尾,一般,*,糖,51
54,0,糖鎖,名詞,固有名詞,一般,*,糖鎖,41
55,0,脂質,名詞,一般,*,*,脂質,38
56,0,生体膜,名詞,固有名詞,一般,*,生体膜,41
57,0,酵素反応,名詞,固有名詞,一般,*,酵素反応,41
58,0,速度,名詞,一般,*,*,速度,38
59,0,反応機構,名詞,固有名詞,一般,*,反応機構,41
60,0,生体,名詞,一般,*,*,生体,38
61,0,分子,名詞,一般,*,*,分子,38
62,0,アミノ酸,名詞,一般,*,*,アミノ酸,38
63,0,タンパク質,名詞,一般,*,*,タンパク質,38
64,0,核酸,名詞,一般,*,*,核酸,38
66,0,遺伝子,名詞,一般,*,*,遺伝子,38
67,0,遺伝子工学,名詞,固有名詞,一般,*,遺伝子工学,41
68,0,糖,名詞,接尾,一般,*,糖,51
69,0,糖鎖,名詞,固有名詞,一般,*,糖鎖,41
70,0,脂質,名詞,一般,*,*,脂質,38
71,0,生体膜,名詞,固有名詞,一般,*,生体膜,41
72,0,酵素反応,名詞,固有名詞,一般,*,酵素反応,41
73,0,速度,名詞,一般,*,*,速度,38
74,0,反応機構,名詞,固有名詞,一般,*,反応機構,41
0,0,生物,名詞,一般,*,*,生物,38
1,0,化学,名詞,一般,*,*,化学,38
4,0,分子生物学,名詞,一般,*,*,分子生物学,38
6,0,一分子生物学,名詞,固有名詞,一般,*,一分子生物学,41
9,0,生物,名詞,一般,*,*,生物,38
10,0,化学,名詞,一般,*,*,化学,38
13,0,分子生物学,名詞,一般,*,*,分子生物学,38
15,0,一分子生物学,名詞,固有名詞,一般,*,一分子生物学,41
18,0,生物,名詞,一般,*,*,生物,38
19,0,化学,名詞,一般,*,*,化学,38
22,0,分子生物学,名詞,一般,*,*,分子生物学,38
24,0,一分子生物学,名詞,固有名詞,一般,*,一分子生物学,41
27,0,生物,名詞,一般,*,*,生物,38
28,0,化学,名詞,一般,*,*,化学,38
31,0,分子生物学,名詞,一般,*,*,分子生物学,38
33,0,一分子生物学,名詞,固有名詞,一般,*,一分子生物学,41
0,0,生物,名詞,一般,*,*,生物,38
1,0,化学,名詞,一般,*,*,化学,38
0,0,生物,名詞,一般,*,*,生物,38
1,0,化学,名詞,一般,*,*,化学,38
0,0,生物,名詞,一般,*,*,生物,38
1,0,化学,名詞,一般,*,*,化学,38
0,0,生物,名詞,一般,*,*,生物,38
1,0,化学,名詞,一般,*,*,化学,38
0,0,生物,名詞,一般,*,*,生物,38
1,0,化学,名詞,一般,*,*,化学,38
0,0,生物,名詞,一般,*,*,生物,38
1,0,化学,名詞,一般,*,*,化学,38
0,0,生物,名詞,一般,*,*,生物,38
1,0,化学,名詞,一般,*,*,化学,38
0,0,アミノ酸,名詞,一般,*,*,アミノ酸,38
2,0,構造,名詞,一般,*,*,構造,38
4,0,性質,名詞,一般,*,*,性質,38
5,0,タンパク質,名詞,一般,*,*,タンパク質,38
7,0,構成,名詞,サ変接続,*,*,構成,36
8,0,単位,名詞,一般,*,*,単位,38
11,0,アミノ酸,名詞,一般,*,*,アミノ酸,38
13,0,構造,名詞,一般,*,*,構造,38
15,0,性質,名詞,一般,*,*,性質,38
17,0,タンパク質,名詞,一般,*,*,タンパク質,38
18,0,構造,名詞,一般,*,*,構造,38
20,0,基本,名詞,一般,*,*,基本,38
22,0,なる,動詞,自立,*,*,なる,31
23,0,アミノ酸,名詞,一般,*,*,アミノ酸,38
24,0,間,名詞,接尾,一般,*,間,51
26,0,ペプチド結合,名詞,固有名詞,一般,*,ペプチド結合,41
28,0,説明,名詞,サ変接続,*,*,説明,36
29,0,できる,動詞,自立,*,*,できる,31
31,0,タンパク質,名詞,一般,*,*,タンパク質,38
33,0,研究,名詞,サ変接続,*,*,研究,36
34,0,法,名詞,接尾,一般,*,法,51
35,0,タンパク質,名詞,一般,*,*,タンパク質,38
37,0,基本,名詞,一般,*,*,基本,38
38,0,的,名詞,接尾,形容動詞語幹,*,的,52
40,0,性質,名詞,一般,*,*,性質,38
42,0,理解,名詞,サ変接続,*,*,理解,36
45,0,各種,名詞,一般,*,*,各種,38
46,0,クロマトグラフィー,名詞,固有名詞,一般,*,クロマトグラフィー,41
48,0,単離,名詞,固有名詞,一般,*,単離,41
49,0,精製,名詞,サ変接続,*,*,精製,36
50,0,法,名詞,接尾,一般,*,法,51
52,0,電気泳動,名詞,固有名詞,一般,*,電気泳動,41
53,0,等,名詞,接尾,一般,*,等,51
55,0,分析,名詞,サ変接続,*,*,分析,36
56,0,法,名詞,接尾,一般,*,法,51
58,0,説明,名詞,サ変接続,*,*,説明,36
59,0,できる,動詞,自立,*,*,できる,31
61,0,タンパク質,名詞,一般,*,*,タンパク質,38
63,0,化学構造,名詞,固有名詞,一般,*,化学構造,41
64,0,タンパク質,名詞,一般,*,*,タンパク質,38
66,0,一次構造,名詞,固有名詞,一般,*,一次構造,41
68,0,決定,名詞,サ変接続,*,*,決定,36
69,0,法,名詞,接尾,一般,*,法,51
71,0,ポリペプチド,名詞,固有名詞,一般,*,ポリペプチド,41
73,0,化学合成,名詞,固有名詞,一般,*,化学合成,41
74,0,法,名詞,接尾,一般,*,法,51
76,0,説明,名詞,サ変接続,*,*,説明,36
77,0,できる,動詞,自立,*,*,できる,31
79,0,タンパク質,名詞,一般,*,*,タンパク質,38
81,0,立体,名詞,一般,*,*,立体,38
82,0,構造,名詞,一般,*,*,構造,38
83,0,タンパク質,名詞,一般,*,*,タンパク質,38
85,0,二次構造,名詞,固有名詞,一般,*,二次構造,41
87,0,三次構造,名詞,固有名詞,一般,*,三次構造,41
89,0,四次構造,名詞,固有名詞,一般,*,四次構造,41
91,0,理解,名詞,サ変接続,*,*,理解,36
94,0,高次,名詞,一般,*,*,高次,38
95,0,構造,名詞,一般,*,*,構造,38
97,0,安定性,名詞,固有名詞,一般,*,安定性,41
99,0,寄与,名詞,サ変接続,*,*,寄与,36
101,0,各種,名詞,一般,*,*,各種,38
102,0,結合,名詞,サ変接続,*,*,結合,36
104,0,説明,名詞,サ変接続,*,*,説明,36
105,0,できる,動詞,自立,*,*,できる,31
107,0,タンパク質,名詞,一般,*,*,タンパク質,38
109,0,機能,名詞,サ変接続,*,*,機能,36
110,0,発現,名詞,サ変接続,*,*,発現,36
111,0,タンパク質,名詞,一般,*,*,タンパク質,38
113,0,フォールディング,名詞,固有名詞,一般,*,フォールディング,41
115,0,説明,名詞,サ変接続,*,*,説明,36
116,0,でき,動詞,自立,*,*,できる,31
119,0,ヘモグロビン,名詞,一般,*,*,ヘモグロビン,38
121,0,例,名詞,一般,*,*,例,38
123,0,タンパク質,名詞,一般,*,*,タンパク質,38
125,0,構造,名詞,一般,*,*,構造,38
127,0,機能,名詞,サ変接続,*,*,機能,36
129,0,相関,名詞,サ変接続,*,*,相関,36
131,0,理解,名詞,サ変接続,*,*,理解,36
133,0,深める,動詞,自立,*,*,深める,31
135,0,核酸,名詞,一般,*,*,核酸,38
137,0,構造,名詞,一般,*,*,構造,38
139,0,機能,名詞,サ変接続,*,*,機能,36
140,0,核酸,名詞,一般,*,*,核酸,38
142,0,化学構造,名詞,固有名詞,一般,*,化学構造,41
144,0,理解,名詞,サ変接続,*,*,理解,36
147,0,遺伝情報,名詞,固有名詞,一般,*,遺伝情報,41
149,0,担い手,名詞,一般,*,*,担い手,38
151,0,DNA,名詞,固有名詞,一般,*,DNA,41
155,0,分かっ,動詞,自立,*,*,分かる,31
157,0,経緯,名詞,一般,*,*,経緯,38
160,0,DNA,名詞,固有名詞,一般,*,DNA,41
162,0,立体,名詞,一般,*,*,立体,38
163,0,構造,名詞,一般,*,*,構造,38
165,0,説明,名詞,サ変接続,*,*,説明,36
166,0,できる,動詞,自立,*,*,できる,31
168,0,遺伝子発現,名詞,固有名詞,一般,*,遺伝子発現,41
170,0,制御,名詞,サ変接続,*,*,制御,36
171,0,遺伝子,名詞,一般,*,*,遺伝子,38
173,0,情報,名詞,一般,*,*,情報,38
175,0,RNA,名詞,固有名詞,一般,*,RNA,41
177,0,タンパク質,名詞,一般,*,*,タンパク質,38
179,0,合成,名詞,サ変接続,*,*,合成,36
181,0,指令,名詞,サ変接続,*,*,指令,36
183,0,遺伝子発現,名詞,固有名詞,一般,*,遺伝子発現,41
185,0,過程,名詞,一般,*,*,過程,38
188,0,DNA,名詞,固有名詞,一般,*,DNA,41
190,0,複製,名詞,サ変接続,*,*,複製,36
191,0,過程,名詞,一般,*,*,過程,38
193,0,説明,名詞,サ変接続,*,*,説明,36
194,0,できる,動詞,自立,*,*,できる,31
196,0,核酸,名詞,一般,*,*,核酸,38
198,0,研究,名詞,サ変接続,*,*,研究,36
199,0,法,名詞,接尾,一般,*,法,51
201,0,遺伝子工学,名詞,固有名詞,一般,*,遺伝子工学,41
202,0,DNA,名詞,固有名詞,一般,*,DNA,41
203,0,塩基配列,名詞,固有名詞,一般,*,塩基配列,41
204,0,決定,名詞,サ変接続,*,*,決定,36
205,0,法,名詞,接尾,一般,*,法,51
207,0,電気泳動,名詞,固有名詞,一般,*,電気泳動,41
208,0,等,名詞,接尾,一般,*,等,51
209,0,核酸,名詞,一般,*,*,核酸,38
211,0,分析,名詞,サ変接続,*,*,分析,36
212,0,法,名詞,接尾,一般,*,法,51
215,0,遺伝子工学,名詞,固有名詞,一般,*,遺伝子工学,41
217,0,基礎,名詞,一般,*,*,基礎,38
219,0,説明,名詞,サ変接続,*,*,説明,36
220,0,できる,動詞,自立,*,*,できる,31
222,0,脂質,名詞,一般,*,*,脂質,38
224,0,構造,名詞,一般,*,*,構造,38
226,0,機能,名詞,サ変接続,*,*,機能,36
227,0,リポタンパク質,名詞,固有名詞,一般,*,リポタンパク質,41
229,0,性質,名詞,一般,*,*,性質,38
232,0,生体膜,名詞,固有名詞,一般,*,生体膜,41
234,0,物質,名詞,一般,*,*,物質,38
235,0,輸送,名詞,サ変接続,*,*,輸送,36
236,0,機構,名詞,一般,*,*,機構,38
237,0,等,名詞,接尾,一般,*,等,51
239,0,説明,名詞,サ変接続,*,*,説明,36
240,0,できる,動詞,自立,*,*,できる,31
242,0,生体膜,名詞,固有名詞,一般,*,生体膜,41
244,0,構造,名詞,一般,*,*,構造,38
246,0,機能,名詞,サ変接続,*,*,機能,36
247,0,生体膜,名詞,固有名詞,一般,*,生体膜,41
249,0,構造,名詞,一般,*,*,構造,38
251,0,機能,名詞,サ変接続,*,*,機能,36
253,0,膜タンパク質,名詞,固有名詞,一般,*,膜タンパク質,41
255,0,構造,名詞,一般,*,*,構造,38
257,0,機能,名詞,サ変接続,*,*,機能,36
259,0,説明,名詞,サ変接続,*,*,説明,36
260,0,できる,動詞,自立,*,*,できる,31
262,0,リポタンパク質,名詞,固有名詞,一般,*,リポタンパク質,41
264,0,性質,名詞,一般,*,*,性質,38
265,0,リポタンパク質,名詞,固有名詞,一般,*,リポタンパク質,41
267,0,性質,名詞,一般,*,*,性質,38
270,0,生体膜,名詞,固有名詞,一般,*,生体膜,41
272,0,物質,名詞,一般,*,*,物質,38
273,0,輸送,名詞,サ変接続,*,*,輸送,36
274,0,機構,名詞,一般,*,*,機構,38
275,0,等,名詞,接尾,一般,*,等,51
277,0,説明,名詞,サ変接続,*,*,説明,36
278,0,できる,動詞,自立,*,*,できる,31
280,0,酵素,名詞,一般,*,*,酵素,38
282,0,構造,名詞,一般,*,*,構造,38
284,0,機能,名詞,サ変接続,*,*,機能,36
285,0,酵素,名詞,一般,*,*,酵素,38
291,0,理解,名詞,サ変接続,*,*,理解,36
294,0,酵素,名詞,一般,*,*,酵素,38
296,0,基質特異性,名詞,固有名詞,一般,*,基質特異性,41
298,0,補酵素,名詞,固有名詞,一般,*,補酵素,41
300,0,酵素,名詞,一般,*,*,酵素,38
301,0,活性,名詞,一般,*,*,活性,38
303,0,調節,名詞,サ変接続,*,*,調節,36
304,0,等,名詞,接尾,一般,*,等,51
306,0,説明,名詞,サ変接続,*,*,説明,36
307,0,できる,動詞,自立,*,*,できる,31
309,0,酵素,名詞,一般,*,*,酵素,38
311,0,触媒,名詞,一般,*,*,触媒,38
312,0,機構,名詞,一般,*,*,機構,38
313,0,酵素,名詞,一般,*,*,酵素,38
315,0,触媒,名詞,一般,*,*,触媒,38
316,0,機構,名詞,一般,*,*,機構,38
319,0,化学,名詞,一般,*,*,化学,38
320,0,触媒,名詞,一般,*,*,触媒,38
322,0,機構,名詞,一般,*,*,機構,38
324,0,理解,名詞,サ変接続,*,*,理解,36
327,0,酵素,名詞,一般,*,*,酵素,38
329,0,具体例,名詞,固有名詞,一般,*,具体例,41
331,0,リゾチーム,名詞,固有名詞,一般,*,リゾチーム,41
333,0,セリンプロテアーゼ,名詞,固有名詞,一般,*,セリンプロテアーゼ,41
335,0,触媒,名詞,一般,*,*,触媒,38
336,0,機構,名詞,一般,*,*,機構,38
338,0,理解,名詞,サ変接続,*,*,理解,36
341,0,説明,名詞,サ変接続,*,*,説明,36
342,0,できる,動詞,自立,*,*,できる,31
344,0,酵素反応,名詞,固有名詞,一般,*,酵素反応,41
346,0,速度,名詞,一般,*,*,速度,38
347,0,論,名詞,接尾,一般,*,論,51
348,0,化学,名詞,一般,*,*,化学,38
349,0,反応速度論,名詞,固有名詞,一般,*,反応速度論,41
351,0,ミカエリス・メンテン式,名詞,固有名詞,一般,*,ミカエリス・メンテン式,41
353,0,はじめ,名詞,副詞可能,*,*,はじめ,67
356,0,酵素反応速度論,名詞,固有名詞,一般,*,酵素反応速度論,41
358,0,酵素反応,名詞,固有名詞,一般,*,酵素反応,41
360,0,阻害,名詞,サ変接続,*,*,阻害,36
363,0,説明,名詞,サ変接続,*,*,説明,36
364,0,できる,動詞,自立,*,*,できる,31
366,0,アミノ酸,名詞,一般,*,*,アミノ酸,38
368,0,構造,名詞,一般,*,*,構造,38
370,0,性質,名詞,一般,*,*,性質,38
371,0,タンパク質,名詞,一般,*,*,タンパク質,38
373,0,構成,名詞,サ変接続,*,*,構成,36
374,0,単位,名詞,一般,*,*,単位,38
377,0,アミノ酸,名詞,一般,*,*,アミノ酸,38
379,0,構造,名詞,一般,*,*,構造,38
381,0,性質,名詞,一般,*,*,性質,38
383,0,タンパク質,名詞,一般,*,*,タンパク質,38
384,0,構造,名詞,一般,*,*,構造,38
386,0,基本,名詞,一般,*,*,基本,38
388,0,なる,動詞,自立,*,*,なる,31
389,0,アミノ酸,名詞,一般,*,*,アミノ酸,38
390,0,間,名詞,接尾,一般,*,間,51
392,0,ペプチド結合,名詞,固有名詞,一般,*,ペプチド結合,41
394,0,説明,名詞,サ変接続,*,*,説明,36
395,0,できる,動詞,自立,*,*,できる,31
397,0,タンパク質,名詞,一般,*,*,タンパク質,38
399,0,研究,名詞,サ変接続,*,*,研究,36
400,0,法,名詞,接尾,一般,*,法,51
401,0,タンパク質,名詞,一般,*,*,タンパク質,38
403,0,基本,名詞,一般,*,*,基本,38
404,0,的,名詞,接尾,形容動詞語幹,*,的,52
406,0,性質,名詞,一般,*,*,性質,38
408,0,理解,名詞,サ変接続,*,*,理解,36
411,0,各種,名詞,一般,*,*,各種,38
412,0,クロマトグラフィー,名詞,固有名詞,一般,*,クロマトグラフィー,41
414,0,単離,名詞,固有名詞,一般,*,単離,41
415,0,精製,名詞,サ変接続,*,*,精製,36
416,0,法,名詞,接尾,一般,*,法,51
418,0,電気泳動,名詞,固有名詞,一般,*,電気泳動,41
419,0,等,名詞,接尾,一般,*,等,51
421,0,分析,名詞,サ変接続,*,*,分析,36
422,0,法,名詞,接尾,一般,*,法,51
424,0,説明,名詞,サ変接続,*,*,説明,36
425,0,できる,動詞,自立,*,*,できる,31
427,0,タンパク質,名詞,一般,*,*,タンパク質,38
429,0,化学構造,名詞,固有名詞,一般,*,化学構造,41
430,0,タンパク質,名詞,一般,*,*,タンパク質,38
432,0,一次構造,名詞,固有名詞,一般,*,一次構造,41
434,0,決定,名詞,サ変接続,*,*,決定,36
435,0,法,名詞,接尾,一般,*,法,51
437,0,ポリペプチド,名詞,固有名詞,一般,*,ポリペプチド,41
439,0,化学合成,名詞,固有名詞,一般,*,化学合成,41
440,0,法,名詞,接尾,一般,*,法,51
442,0,説明,名詞,サ変接続,*,*,説明,36
443,0,できる,動詞,自立,*,*,できる,31
445,0,タンパク質,名詞,一般,*,*,タンパク質,38
447,0,立体,名詞,一般,*,*,立体,38
448,0,構造,名詞,一般,*,*,構造,38
449,0,タンパク質,名詞,一般,*,*,タンパク質,38
451,0,二次構造,名詞,固有名詞,一般,*,二次構造,41
453,0,三次構造,名詞,固有名詞,一般,*,三次構造,41
455,0,四次構造,名詞,固有名詞,一般,*,四次構造,41
457,0,理解,名詞,サ変接続,*,*,理解,36
460,0,高次,名詞,一般,*,*,高次,38
461,0,構造,名詞,一般,*,*,構造,38
463,0,安定性,名詞,固有名詞,一般,*,安定性,41
465,0,寄与,名詞,サ変接続,*,*,寄与,36
467,0,各種,名詞,一般,*,*,各種,38
468,0,結合,名詞,サ変接続,*,*,結合,36
470,0,説明,名詞,サ変接続,*,*,説明,36
471,0,できる,動詞,自立,*,*,できる,31
473,0,タンパク質,名詞,一般,*,*,タンパク質,38
475,0,機能,名詞,サ変接続,*,*,機能,36
476,0,発現,名詞,サ変接続,*,*,発現,36
477,0,タンパク質,名詞,一般,*,*,タンパク質,38
479,0,フォールディング,名詞,固有名詞,一般,*,フォールディング,41
481,0,説明,名詞,サ変接続,*,*,説明,36
482,0,でき,動詞,自立,*,*,できる,31
485,0,ヘモグロビン,名詞,一般,*,*,ヘモグロビン,38
487,0,例,名詞,一般,*,*,例,38
489,0,タンパク質,名詞,一般,*,*,タンパク質,38
491,0,構造,名詞,一般,*,*,構造,38
493,0,機能,名詞,サ変接続,*,*,機能,36
495,0,相関,名詞,サ変接続,*,*,相関,36
497,0,理解,名詞,サ変接続,*,*,理解,36
499,0,深める,動詞,自立,*,*,深める,31
501,0,核酸,名詞,一般,*,*,核酸,38
503,0,構造,名詞,一般,*,*,構造,38
505,0,機能,名詞,サ変接続,*,*,機能,36
506,0,核酸,名詞,一般,*,*,核酸,38
508,0,化学構造,名詞,固有名詞,一般,*,化学構造,41
510,0,理解,名詞,サ変接続,*,*,理解,36
513,0,遺伝情報,名詞,固有名詞,一般,*,遺伝情報,41
515,0,担い手,名詞,一般,*,*,担い手,38
517,0,DNA,名詞,固有名詞,一般,*,DNA,41
521,0,分かっ,動詞,自立,*,*,分かる,31
523,0,経緯,名詞,一般,*,*,経緯,38
526,0,DNA,名詞,固有名詞,一般,*,DNA,41
528,0,立体,名詞,一般,*,*,立体,38
529,0,構造,名詞,一般,*,*,構造,38
531,0,説明,名詞,サ変接続,*,*,説明,36
532,0,できる,動詞,自立,*,*,できる,31
534,0,遺伝子発現,名詞,固有名詞,一般,*,遺伝子発現,41
536,0,制御,名詞,サ変接続,*,*,制御,36
537,0,遺伝子,名詞,一般,*,*,遺伝子,38
539,0,情報,名詞,一般,*,*,情報,38
541,0,RNA,名詞,固有名詞,一般,*,RNA,41
543,0,タンパク質,名詞,一般,*,*,タンパク質,38
545,0,合成,名詞,サ変接続,*,*,合成,36
547,0,指令,名詞,サ変接続,*,*,指令,36
549,0,遺伝子発現,名詞,固有名詞,一般,*,遺伝子発現,41
551,0,過程,名詞,一般,*,*,過程,38
554,0,DNA,名詞,固有名詞,一般,*,DNA,41
556,0,複製,名詞,サ変接続,*,*,複製,36
557,0,過程,名詞,一般,*,*,過程,38
559,0,説明,名詞,サ変接続,*,*,説明,36
560,0,できる,動詞,自立,*,*,できる,31
562,0,核酸,名詞,一般,*,*,核酸,38
564,0,研究,名詞,サ変接続,*,*,研究,36
565,0,法,名詞,接尾,一般,*,法,51
567,0,遺伝子工学,名詞,固有名詞,一般,*,遺伝子工学,41
568,0,DNA,名詞,固有名詞,一般,*,DNA,41
569,0,塩基配列,名詞,固有名詞,一般,*,塩基配列,41
570,0,決定,名詞,サ変接続,*,*,決定,36
571,0,法,名詞,接尾,一般,*,法,51
573,0,電気泳動,名詞,固有名詞,一般,*,電気泳動,41
574,0,等,名詞,接尾,一般,*,等,51
575,0,核酸,名詞,一般,*,*,核酸,38
577,0,分析,名詞,サ変接続,*,*,分析,36
578,0,法,名詞,接尾,一般,*,法,51
581,0,遺伝子工学,名詞,固有名詞,一般,*,遺伝子工学,41
583,0,基礎,名詞,一般,*,*,基礎,38
585,0,説明,名詞,サ変接続,*,*,説明,36
586,0,できる,動詞,自立,*,*,できる,31
588,0,糖,名詞,一般,*,*,糖,38
590,0,構造,名詞,一般,*,*,構造,38
592,0,機能,名詞,サ変接続,*,*,機能,36
593,0,生体,名詞,一般,*,*,生体,38
595,0,必須,名詞,形容動詞語幹,*,*,必須,40
597,0,最も,副詞,一般,*,*,最も,34
598,0,量,名詞,一般,*,*,量,38
600,0,多い,形容詞,自立,*,*,多い,10
601,0,糖,名詞,一般,*,*,糖,38
603,0,基本単位,名詞,固有名詞,一般,*,基本単位,41
606,0,単糖,名詞,固有名詞,一般,*,単糖,41
610,0,重合体,名詞,固有名詞,一般,*,重合体,41
613,0,多糖,名詞,固有名詞,一般,*,多糖,41
615,0,構造,名詞,一般,*,*,構造,38
617,0,機能,名詞,サ変接続,*,*,機能,36
619,0,説明,名詞,サ変接続,*,*,説明,36
620,0,できる,動詞,自立,*,*,できる,31
622,0,脂質,名詞,一般,*,*,脂質,38
624,0,構造,名詞,一般,*,*,構造,38
626,0,機能,名詞,サ変接続,*,*,機能,36
627,0,生体膜,名詞,固有名詞,一般,*,生体膜,41
629,0,主要,名詞,形容動詞語幹,*,*,主要,40
631,0,構成,名詞,サ変接続,*,*,構成,36
632,0,成分,名詞,一般,*,*,成分,38
635,0,脂質,名詞,一般,*,*,脂質,38
637,0,分類,名詞,サ変接続,*,*,分類,36
639,0,構造,名詞,一般,*,*,構造,38
641,0,機能,名詞,サ変接続,*,*,機能,36
645,0,脂質,名詞,一般,*,*,脂質,38
646,0,集合体,名詞,固有名詞,一般,*,集合体,41
648,0,性質,名詞,一般,*,*,性質,38
650,0,説明,名詞,サ変接続,*,*,説明,36
651,0,できる,動詞,自立,*,*,できる,31
653,0,生体膜,名詞,固有名詞,一般,*,生体膜,41
655,0,構造,名詞,一般,*,*,構造,38
657,0,機能,名詞,サ変接続,*,*,機能,36
658,0,生体膜,名詞,固有名詞,一般,*,生体膜,41
660,0,構造,名詞,一般,*,*,構造,38
662,0,機能,名詞,サ変接続,*,*,機能,36
664,0,膜タンパク質,名詞,固有名詞,一般,*,膜タンパク質,41
666,0,構造,名詞,一般,*,*,構造,38
668,0,機能,名詞,サ変接続,*,*,機能,36
670,0,説明,名詞,サ変接続,*,*,説明,36
671,0,できる,動詞,自立,*,*,できる,31
673,0,リポタンパク質,名詞,固有名詞,一般,*,リポタンパク質,41
675,0,性質,名詞,一般,*,*,性質,38
676,0,リポタンパク質,名詞,固有名詞,一般,*,リポタンパク質,41
678,0,性質,名詞,一般,*,*,性質,38
681,0,生体膜,名詞,固有名詞,一般,*,生体膜,41
683,0,物質,名詞,一般,*,*,物質,38
684,0,輸送,名詞,サ変接続,*,*,輸送,36
685,0,機構,名詞,一般,*,*,機構,38
686,0,等,名詞,接尾,一般,*,等,51
688,0,説明,名詞,サ変接続,*,*,説明,36
689,0,できる,動詞,自立,*,*,できる,31
691,0,酵素,名詞,一般,*,*,酵素,38
693,0,構造,名詞,一般,*,*,構造,38
695,0,機能,名詞,サ変接続,*,*,機能,36
696,0,酵素,名詞,一般,*,*,酵素,38
702,0,理解,名詞,サ変接続,*,*,理解,36
705,0,酵素,名詞,一般,*,*,酵素,38
707,0,基質特異性,名詞,固有名詞,一般,*,基質特異性,41
709,0,補酵素,名詞,固有名詞,一般,*,補酵素,41
711,0,酵素,名詞,一般,*,*,酵素,38
712,0,活性,名詞,一般,*,*,活性,38
714,0,調節,名詞,サ変接続,*,*,調節,36
715,0,等,名詞,接尾,一般,*,等,51
717,0,説明,名詞,サ変接続,*,*,説明,36
718,0,できる,動詞,自立,*,*,できる,31
720,0,酵素反応,名詞,固有名詞,一般,*,酵素反応,41
722,0,速度,名詞,一般,*,*,速度,38
723,0,論,名詞,接尾,一般,*,論,51
724,0,化学,名詞,一般,*,*,化学,38
725,0,反応速度論,名詞,固有名詞,一般,*,反応速度論,41
727,0,ミカエリス・メンテン式,名詞,固有名詞,一般,*,ミカエリス・メンテン式,41
729,0,はじめ,名詞,副詞可能,*,*,はじめ,67
732,0,酵素反応速度論,名詞,固有名詞,一般,*,酵素反応速度論,41
734,0,酵素反応,名詞,固有名詞,一般,*,酵素反応,41
736,0,阻害,名詞,サ変接続,*,*,阻害,36
739,0,説明,名詞,サ変接続,*,*,説明,36
740,0,できる,動詞,自立,*,*,できる,31
742,0,酵素,名詞,一般,*,*,酵素,38
744,0,触媒,名詞,一般,*,*,触媒,38
745,0,機構,名詞,一般,*,*,機構,38
746,0,酵素,名詞,一般,*,*,酵素,38
748,0,触媒,名詞,一般,*,*,触媒,38
749,0,機構,名詞,一般,*,*,機構,38
752,0,化学,名詞,一般,*,*,化学,38
753,0,触媒,名詞,一般,*,*,触媒,38
755,0,機構,名詞,一般,*,*,機構,38
757,0,理解,名詞,サ変接続,*,*,理解,36
760,0,酵素,名詞,一般,*,*,酵素,38
762,0,具体例,名詞,固有名詞,一般,*,具体例,41
764,0,リゾチーム,名詞,固有名詞,一般,*,リゾチーム,41
766,0,セリンプロテアーゼ,名詞,固有名詞,一般,*,セリンプロテアーゼ,41
768,0,触媒,名詞,一般,*,*,触媒,38
769,0,機構,名詞,一般,*,*,機構,38
771,0,理解,名詞,サ変接続,*,*,理解,36
774,0,説明,名詞,サ変接続,*,*,説明,36
775,0,できる,動詞,自立,*,*,できる,31
777,0,アミノ酸,名詞,一般,*,*,アミノ酸,38
779,0,構造,名詞,一般,*,*,構造,38
781,0,性質,名詞,一般,*,*,性質,38
782,0,タンパク質,名詞,一般,*,*,タンパク質,38
784,0,構成,名詞,サ変接続,*,*,構成,36
785,0,単位,名詞,一般,*,*,単位,38
788,0,アミノ酸,名詞,一般,*,*,アミノ酸,38
790,0,構造,名詞,一般,*,*,構造,38
792,0,性質,名詞,一般,*,*,性質,38
794,0,タンパク質,名詞,一般,*,*,タンパク質,38
795,0,構造,名詞,一般,*,*,構造,38
797,0,基本,名詞,一般,*,*,基本,38
799,0,なる,動詞,自立,*,*,なる,31
800,0,アミノ酸,名詞,一般,*,*,アミノ酸,38
801,0,間,名詞,接尾,一般,*,間,51
803,0,ペプチド結合,名詞,固有名詞,一般,*,ペプチド結合,41
805,0,説明,名詞,サ変接続,*,*,説明,36
806,0,できる,動詞,自立,*,*,できる,31
808,0,タンパク質,名詞,一般,*,*,タンパク質,38
810,0,研究,名詞,サ変接続,*,*,研究,36
811,0,法,名詞,接尾,一般,*,法,51
812,0,タンパク質,名詞,一般,*,*,タンパク質,38
814,0,基本,名詞,一般,*,*,基本,38
815,0,的,名詞,接尾,形容動詞語幹,*,的,52
817,0,性質,名詞,一般,*,*,性質,38
819,0,理解,名詞,サ変接続,*,*,理解,36
822,0,各種,名詞,一般,*,*,各種,38
823,0,クロマトグラフィー,名詞,固有名詞,一般,*,クロマトグラフィー,41
825,0,単離,名詞,固有名詞,一般,*,単離,41
826,0,精製,名詞,サ変接続,*,*,精製,36
827,0,法,名詞,接尾,一般,*,法,51
829,0,電気泳動,名詞,固有名詞,一般,*,電気泳動,41
830,0,等,名詞,接尾,一般,*,等,51
832,0,分析,名詞,サ変接続,*,*,分析,36
833,0,法,名詞,接尾,一般,*,法,51
835,0,説明,名詞,サ変接続,*,*,説明,36
836,0,できる,動詞,自立,*,*,できる,31
838,0,タンパク質,名詞,一般,*,*,タンパク質,38
840,0,化学構造,名詞,固有名詞,一般,*,化学構造,41
841,0,タンパク質,名詞,一般,*,*,タンパク質,38
843,0,一次構造,名詞,固有名詞,一般,*,一次構造,41
845,0,決定,名詞,サ変接続,*,*,決定,36
846,0,法,名詞,接尾,一般,*,法,51
848,0,ポリペプチド,名詞,固有名詞,一般,*,ポリペプチド,41
850,0,化学合成,名詞,固有名詞,一般,*,化学合成,41
851,0,法,名詞,接尾,一般,*,法,51
853,0,説明,名詞,サ変接続,*,*,説明,36
854,0,できる,動詞,自立,*,*,できる,31
856,0,タンパク質,名詞,一般,*,*,タンパク質,38
858,0,立体,名詞,一般,*,*,立体,38
859,0,構造,名詞,一般,*,*,構造,38
860,0,タンパク質,名詞,一般,*,*,タンパク質,38
862,0,二次構造,名詞,固有名詞,一般,*,二次構造,41
864,0,三次構造,名詞,固有名詞,一般,*,三次構造,41
866,0,四次構造,名詞,固有名詞,一般,*,四次構造,41
868,0,理解,名詞,サ変接続,*,*,理解,36
871,0,高次,名詞,一般,*,*,高次,38
872,0,構造,名詞,一般,*,*,構造,38
874,0,安定性,名詞,固有名詞,一般,*,安定性,41
876,0,寄与,名詞,サ変接続,*,*,寄与,36
878,0,各種,名詞,一般,*,*,各種,38
879,0,結合,名詞,サ変接続,*,*,結合,36
881,0,説明,名詞,サ変接続,*,*,説明,36
882,0,できる,動詞,自立,*,*,できる,31
884,0,タンパク質,名詞,一般,*,*,タンパク質,38
886,0,機能,名詞,サ変接続,*,*,機能,36
887,0,発現,名詞,サ変接続,*,*,発現,36
888,0,タンパク質,名詞,一般,*,*,タンパク質,38
890,0,フォールディング,名詞,固有名詞,一般,*,フォールディング,41
892,0,説明,名詞,サ変接続,*,*,説明,36
893,0,でき,動詞,自立,*,*,できる,31
896,0,ヘモグロビン,名詞,一般,*,*,ヘモグロビン,38
898,0,例,名詞,一般,*,*,例,38
900,0,タンパク質,名詞,一般,*,*,タンパク質,38
902,0,構造,名詞,一般,*,*,構造,38
904,0,機能,名詞,サ変接続,*,*,機能,36
906,0,相関,名詞,サ変接続,*,*,相関,36
908,0,理解,名詞,サ変接続,*,*,理解,36
910,0,深める,動詞,自立,*,*,深める,31
912,0,核酸,名詞,一般,*,*,核酸,38
914,0,構造,名詞,一般,*,*,構造,38
916,0,機能,名詞,サ変接続,*,*,機能,36
917,0,核酸,名詞,一般,*,*,核酸,38
919,0,化学構造,名詞,固有名詞,一般,*,化学構造,41
921,0,理解,名詞,サ変接続,*,*,理解,36
924,0,遺伝情報,名詞,固有名詞,一般,*,遺伝情報,41
926,0,担い手,名詞,一般,*,*,担い手,38
928,0,DNA,名詞,固有名詞,一般,*,DNA,41
932,0,分かっ,動詞,自立,*,*,分かる,31
934,0,経緯,名詞,一般,*,*,経緯,38
937,0,DNA,名詞,固有名詞,一般,*,DNA,41
939,0,立体,名詞,一般,*,*,立体,38
940,0,構造,名詞,一般,*,*,構造,38
942,0,説明,名詞,サ変接続,*,*,説明,36
943,0,できる,動詞,自立,*,*,できる,31
945,0,遺伝子発現,名詞,固有名詞,一般,*,遺伝子発現,41
947,0,制御,名詞,サ変接続,*,*,制御,36
948,0,遺伝子,名詞,一般,*,*,遺伝子,38
950,0,情報,名詞,一般,*,*,情報,38
952,0,RNA,名詞,固有名詞,一般,*,RNA,41
954,0,タンパク質,名詞,一般,*,*,タンパク質,38
956,0,合成,名詞,サ変接続,*,*,合成,36
958,0,指令,名詞,サ変接続,*,*,指令,36
960,0,遺伝子発現,名詞,固有名詞,一般,*,遺伝子発現,41
962,0,過程,名詞,一般,*,*,過程,38
965,0,DNA,名詞,固有名詞,一般,*,DNA,41
967,0,複製,名詞,サ変接続,*,*,複製,36
968,0,過程,名詞,一般,*,*,過程,38
970,0,説明,名詞,サ変接続,*,*,説明,36
971,0,できる,動詞,自立,*,*,できる,31
973,0,核酸,名詞,一般,*,*,核酸,38
975,0,研究,名詞,サ変接続,*,*,研究,36
976,0,法,名詞,接尾,一般,*,法,51
978,0,遺伝子工学,名詞,固有名詞,一般,*,遺伝子工学,41
979,0,DNA,名詞,固有名詞,一般,*,DNA,41
980,0,塩基配列,名詞,固有名詞,一般,*,塩基配列,41
981,0,決定,名詞,サ変接続,*,*,決定,36
982,0,法,名詞,接尾,一般,*,法,51
984,0,電気泳動,名詞,固有名詞,一般,*,電気泳動,41
985,0,等,名詞,接尾,一般,*,等,51
986,0,核酸,名詞,一般,*,*,核酸,38
988,0,分析,名詞,サ変接続,*,*,分析,36
989,0,法,名詞,接尾,一般,*,法,51
992,0,遺伝子工学,名詞,固有名詞,一般,*,遺伝子工学,41
994,0,基礎,名詞,一般,*,*,基礎,38
996,0,説明,名詞,サ変接続,*,*,説明,36
997,0,できる,動詞,自立,*,*,できる,31
999,0,糖,名詞,一般,*,*,糖,38
1001,0,構造,名詞,一般,*,*,構造,38
1003,0,機能,名詞,サ変接続,*,*,機能,36
1004,0,生体,名詞,一般,*,*,生体,38
1006,0,必須,名詞,形容動詞語幹,*,*,必須,40
1008,0,最も,副詞,一般,*,*,最も,34
1009,0,量,名詞,一般,*,*,量,38
1011,0,多い,形容詞,自立,*,*,多い,10
1012,0,糖,名詞,一般,*,*,糖,38
1014,0,基本単位,名詞,固有名詞,一般,*,基本単位,41
1017,0,単糖,名詞,固有名詞,一般,*,単糖,41
1021,0,重合体,名詞,固有名詞,一般,*,重合体,41
1024,0,多糖,名詞,固有名詞,一般,*,多糖,41
1026,0,構造,名詞,一般,*,*,構造,38
1028,0,機能,名詞,サ変接続,*,*,機能,36
1030,0,説明,名詞,サ変接続,*,*,説明,36
1031,0,できる,動詞,自立,*,*,できる,31
1033,0,脂質,名詞,一般,*,*,脂質,38
1035,0,構造,名詞,一般,*,*,構造,38
1037,0,機能,名詞,サ変接続,*,*,機能,36
1038,0,生体膜,名詞,固有名詞,一般,*,生体膜,41
1040,0,主要,名詞,形容動詞語幹,*,*,主要,40
1042,0,構成,名詞,サ変接続,*,*,構成,36
1043,0,成分,名詞,一般,*,*,成分,38
1046,0,脂質,名詞,一般,*,*,脂質,38
1048,0,分類,名詞,サ変接続,*,*,分類,36
1050,0,構造,名詞,一般,*,*,構造,38
1052,0,機能,名詞,サ変接続,*,*,機能,36
1056,0,脂質,名詞,一般,*,*,脂質,38
1057,0,集合体,名詞,固有名詞,一般,*,集合体,41
1059,0,性質,名詞,一般,*,*,性質,38
1061,0,説明,名詞,サ変接続,*,*,説明,36
1062,0,できる,動詞,自立,*,*,できる,31
1064,0,生体膜,名詞,固有名詞,一般,*,生体膜,41
1066,0,構造,名詞,一般,*,*,構造,38
1068,0,機能,名詞,サ変接続,*,*,機能,36
1069,0,生体膜,名詞,固有名詞,一般,*,生体膜,41
1071,0,構造,名詞,一般,*,*,構造,38
1073,0,機能,名詞,サ変接続,*,*,機能,36
1075,0,膜タンパク質,名詞,固有名詞,一般,*,膜タンパク質,41
1077,0,構造,名詞,一般,*,*,構造,38
1079,0,機能,名詞,サ変接続,*,*,機能,36
1081,0,説明,名詞,サ変接続,*,*,説明,36
1082,0,できる,動詞,自立,*,*,できる,31
1084,0,リポタンパク質,名詞,固有名詞,一般,*,リポタンパク質,41
1086,0,性質,名詞,一般,*,*,性質,38
1087,0,リポタンパク質,名詞,固有名詞,一般,*,リポタンパク質,41
1089,0,性質,名詞,一般,*,*,性質,38
1092,0,生体膜,名詞,固有名詞,一般,*,生体膜,41
1094,0,物質,名詞,一般,*,*,物質,38
1095,0,輸送,名詞,サ変接続,*,*,輸送,36
1096,0,機構,名詞,一般,*,*,機構,38
1097,0,等,名詞,接尾,一般,*,等,51
1099,0,説明,名詞,サ変接続,*,*,説明,36
1100,0,できる,動詞,自立,*,*,できる,31
1102,0,酵素,名詞,一般,*,*,酵素,38
1104,0,構造,名詞,一般,*,*,構造,38
1106,0,機能,名詞,サ変接続,*,*,機能,36
1107,0,酵素,名詞,一般,*,*,酵素,38
1113,0,理解,名詞,サ変接続,*,*,理解,36
1116,0,酵素,名詞,一般,*,*,酵素,38
1118,0,基質特異性,名詞,固有名詞,一般,*,基質特異性,41
1120,0,補酵素,名詞,固有名詞,一般,*,補酵素,41
1122,0,酵素,名詞,一般,*,*,酵素,38
1123,0,活性,名詞,一般,*,*,活性,38
1125,0,調節,名詞,サ変接続,*,*,調節,36
1126,0,等,名詞,接尾,一般,*,等,51
1128,0,説明,名詞,サ変接続,*,*,説明,36
1129,0,できる,動詞,自立,*,*,できる,31
1131,0,酵素反応,名詞,固有名詞,一般,*,酵素反応,41
1133,0,速度,名詞,一般,*,*,速度,38
1134,0,論,名詞,接尾,一般,*,論,51
1135,0,化学,名詞,一般,*,*,化学,38
1136,0,反応速度論,名詞,固有名詞,一般,*,反応速度論,41
1138,0,ミカエリス・メンテン式,名詞,固有名詞,一般,*,ミカエリス・メンテン式,41
1140,0,はじめ,名詞,副詞可能,*,*,はじめ,67
1143,0,酵素反応速度論,名詞,固有名詞,一般,*,酵素反応速度論,41
1145,0,酵素反応,名詞,固有名詞,一般,*,酵素反応,41
1147,0,阻害,名詞,サ変接続,*,*,阻害,36
1150,0,説明,名詞,サ変接続,*,*,説明,36
1151,0,できる,動詞,自立,*,*,できる,31
1153,0,酵素,名詞,一般,*,*,酵素,38
1155,0,触媒,名詞,一般,*,*,触媒,38
1156,0,機構,名詞,一般,*,*,機構,38
1157,0,酵素,名詞,一般,*,*,酵素,38
1159,0,触媒,名詞,一般,*,*,触媒,38
1160,0,機構,名詞,一般,*,*,機構,38
1163,0,化学,名詞,一般,*,*,化学,38
1164,0,触媒,名詞,一般,*,*,触媒,38
1166,0,機構,名詞,一般,*,*,機構,38
1168,0,理解,名詞,サ変接続,*,*,理解,36
1171,0,酵素,名詞,一般,*,*,酵素,38
1173,0,具体例,名詞,固有名詞,一般,*,具体例,41
1175,0,リゾチーム,名詞,固有名詞,一般,*,リゾチーム,41
1177,0,セリンプロテアーゼ,名詞,固有名詞,一般,*,セリンプロテアーゼ,41
1179,0,触媒,名詞,一般,*,*,触媒,38
1180,0,機構,名詞,一般,*,*,機構,38
1182,0,理解,名詞,サ変接続,*,*,理解,36
1185,0,説明,名詞,サ変接続,*,*,説明,36
1186,0,できる,動詞,自立,*,*,できる,31
1188,0,アミノ酸,名詞,一般,*,*,アミノ酸,38
1190,0,構造,名詞,一般,*,*,構造,38
1192,0,性質,名詞,一般,*,*,性質,38
1193,0,タンパク質,名詞,一般,*,*,タンパク質,38
1195,0,構成,名詞,サ変接続,*,*,構成,36
1196,0,単位,名詞,一般,*,*,単位,38
1199,0,アミノ酸,名詞,一般,*,*,アミノ酸,38
1201,0,構造,名詞,一般,*,*,構造,38
1203,0,性質,名詞,一般,*,*,性質,38
1205,0,タンパク質,名詞,一般,*,*,タンパク質,38
1206,0,構造,名詞,一般,*,*,構造,38
1208,0,基本,名詞,一般,*,*,基本,38
1210,0,なる,動詞,自立,*,*,なる,31
1211,0,アミノ酸,名詞,一般,*,*,アミノ酸,38
1212,0,間,名詞,接尾,一般,*,間,51
1214,0,ペプチド結合,名詞,固有名詞,一般,*,ペプチド結合,41
1216,0,説明,名詞,サ変接続,*,*,説明,36
1217,0,できる,動詞,自立,*,*,できる,31
1219,0,タンパク質,名詞,一般,*,*,タンパク質,38
1221,0,研究,名詞,サ変接続,*,*,研究,36
1222,0,法,名詞,接尾,一般,*,法,51
1223,0,タンパク質,名詞,一般,*,*,タンパク質,38
1225,0,基本,名詞,一般,*,*,基本,38
1226,0,的,名詞,接尾,形容動詞語幹,*,的,52
1228,0,性質,名詞,一般,*,*,性質,38
1230,0,理解,名詞,サ変接続,*,*,理解,36
1233,0,各種,名詞,一般,*,*,各種,38
1234,0,クロマトグラフィー,名詞,固有名詞,一般,*,クロマトグラフィー,41
1236,0,単離,名詞,固有名詞,一般,*,単離,41
1237,0,精製,名詞,サ変接続,*,*,精製,36
1238,0,法,名詞,接尾,一般,*,法,51
1240,0,電気泳動,名詞,固有名詞,一般,*,電気泳動,41
1241,0,等,名詞,接尾,一般,*,等,51
1243,0,分析,名詞,サ変接続,*,*,分析,36
1244,0,法,名詞,接尾,一般,*,法,51
1246,0,説明,名詞,サ変接続,*,*,説明,36
1247,0,できる,動詞,自立,*,*,できる,31
1249,0,タンパク質,名詞,一般,*,*,タンパク質,38
1251,0,化学構造,名詞,固有名詞,一般,*,化学構造,41
1252,0,タンパク質,名詞,一般,*,*,タンパク質,38
1254,0,一次構造,名詞,固有名詞,一般,*,一次構造,41
1256,0,決定,名詞,サ変接続,*,*,決定,36
1257,0,法,名詞,接尾,一般,*,法,51
1259,0,ポリペプチド,名詞,固有名詞,一般,*,ポリペプチド,41
1261,0,化学合成,名詞,固有名詞,一般,*,化学合成,41
1262,0,法,名詞,接尾,一般,*,法,51
1264,0,説明,名詞,サ変接続,*,*,説明,36
1265,0,できる,動詞,自立,*,*,できる,31
1267,0,タンパク質,名詞,一般,*,*,タンパク質,38
1269,0,立体,名詞,一般,*,*,立体,38
1270,0,構造,名詞,一般,*,*,構造,38
1271,0,タンパク質,名詞,一般,*,*,タンパク質,38
1273,0,二次構造,名詞,固有名詞,一般,*,二次構造,41
1275,0,三次構造,名詞,固有名詞,一般,*,三次構造,41
1277,0,四次構造,名詞,固有名詞,一般,*,四次構造,41
1279,0,理解,名詞,サ変接続,*,*,理解,36
1282,0,高次,名詞,一般,*,*,高次,38
1283,0,構造,名詞,一般,*,*,構造,38
1285,0,安定性,名詞,固有名詞,一般,*,安定性,41
1287,0,寄与,名詞,サ変接続,*,*,寄与,36
1289,0,各種,名詞,一般,*,*,各種,38
1290,0,結合,名詞,サ変接続,*,*,結合,36
1292,0,説明,名詞,サ変接続,*,*,説明,36
1293,0,できる,動詞,自立,*,*,できる,31
1295,0,タンパク質,名詞,一般,*,*,タンパク質,38
1297,0,機能,名詞,サ変接続,*,*,機能,36
1298,0,発現,名詞,サ変接続,*,*,発現,36
1299,0,タンパク質,名詞,一般,*,*,タンパク質,38
1301,0,フォールディング,名詞,固有名詞,一般,*,フォールディング,41
1303,0,説明,名詞,サ変接続,*,*,説明,36
1304,0,でき,動詞,自立,*,*,できる,31
1307,0,ヘモグロビン,名詞,一般,*,*,ヘモグロビン,38
1309,0,例,名詞,一般,*,*,例,38
1311,0,タンパク質,名詞,一般,*,*,タンパク質,38
1313,0,構造,名詞,一般,*,*,構造,38
1315,0,機能,名詞,サ変接続,*,*,機能,36
1317,0,相関,名詞,サ変接続,*,*,相関,36
1319,0,理解,名詞,サ変接続,*,*,理解,36
1321,0,深める,動詞,自立,*,*,深める,31
1323,0,核酸,名詞,一般,*,*,核酸,38
1325,0,構造,名詞,一般,*,*,構造,38
1327,0,機能,名詞,サ変接続,*,*,機能,36
1328,0,核酸,名詞,一般,*,*,核酸,38
1330,0,化学構造,名詞,固有名詞,一般,*,化学構造,41
1332,0,理解,名詞,サ変接続,*,*,理解,36
1335,0,遺伝情報,名詞,固有名詞,一般,*,遺伝情報,41
1337,0,担い手,名詞,一般,*,*,担い手,38
1339,0,DNA,名詞,固有名詞,一般,*,DNA,41
1343,0,分かっ,動詞,自立,*,*,分かる,31
1345,0,経緯,名詞,一般,*,*,経緯,38
1348,0,DNA,名詞,固有名詞,一般,*,DNA,41
1350,0,立体,名詞,一般,*,*,立体,38
1351,0,構造,名詞,一般,*,*,構造,38
1353,0,説明,名詞,サ変接続,*,*,説明,36
1354,0,できる,動詞,自立,*,*,できる,31
1356,0,遺伝子発現,名詞,固有名詞,一般,*,遺伝子発現,41
1358,0,制御,名詞,サ変接続,*,*,制御,36
1359,0,遺伝子,名詞,一般,*,*,遺伝子,38
1361,0,情報,名詞,一般,*,*,情報,38
1363,0,RNA,名詞,固有名詞,一般,*,RNA,41
1365,0,タンパク質,名詞,一般,*,*,タンパク質,38
1367,0,合成,名詞,サ変接続,*,*,合成,36
1369,0,指令,名詞,サ変接続,*,*,指令,36
1371,0,遺伝子発現,名詞,固有名詞,一般,*,遺伝子発現,41
1373,0,過程,名詞,一般,*,*,過程,38
1376,0,DNA,名詞,固有名詞,一般,*,DNA,41
1378,0,複製,名詞,サ変接続,*,*,複製,36
1379,0,過程,名詞,一般,*,*,過程,38
1381,0,説明,名詞,サ変接続,*,*,説明,36
1382,0,できる,動詞,自立,*,*,できる,31
1384,0,核酸,名詞,一般,*,*,核酸,38
1386,0,研究,名詞,サ変接続,*,*,研究,36
1387,0,法,名詞,接尾,一般,*,法,51
1389,0,遺伝子工学,名詞,固有名詞,一般,*,遺伝子工学,41
1390,0,DNA,名詞,固有名詞,一般,*,DNA,41
1391,0,塩基配列,名詞,固有名詞,一般,*,塩基配列,41
1392,0,決定,名詞,サ変接続,*,*,決定,36
1393,0,法,名詞,接尾,一般,*,法,51
1395,0,電気泳動,名詞,固有名詞,一般,*,電気泳動,41
1396,0,等,名詞,接尾,一般,*,等,51
1397,0,核酸,名詞,一般,*,*,核酸,38
1399,0,分析,名詞,サ変接続,*,*,分析,36
1400,0,法,名詞,接尾,一般,*,法,51
1403,0,遺伝子工学,名詞,固有名詞,一般,*,遺伝子工学,41
1405,0,基礎,名詞,一般,*,*,基礎,38
1407,0,説明,名詞,サ変接続,*,*,説明,36
1408,0,できる,動詞,自立,*,*,できる,31
1410,0,糖,名詞,一般,*,*,糖,38
1412,0,構造,名詞,一般,*,*,構造,38
1414,0,機能,名詞,サ変接続,*,*,機能,36
1415,0,生体,名詞,一般,*,*,生体,38
1417,0,必須,名詞,形容動詞語幹,*,*,必須,40
1419,0,最も,副詞,一般,*,*,最も,34
1420,0,量,名詞,一般,*,*,量,38
1422,0,多い,形容詞,自立,*,*,多い,10
1423,0,糖,名詞,一般,*,*,糖,38
1425,0,基本単位,名詞,固有名詞,一般,*,基本単位,41
1428,0,単糖,名詞,固有名詞,一般,*,単糖,41
1432,0,重合体,名詞,固有名詞,一般,*,重合体,41
1435,0,多糖,名詞,固有名詞,一般,*,多糖,41
1437,0,構造,名詞,一般,*,*,構造,38
1439,0,機能,名詞,サ変接続,*,*,機能,36
1441,0,説明,名詞,サ変接続,*,*,説明,36
1442,0,できる,動詞,自立,*,*,できる,31
1444,0,脂質,名詞,一般,*,*,脂質,38
1446,0,構造,名詞,一般,*,*,構造,38
1448,0,機能,名詞,サ変接続,*,*,機能,36
1449,0,生体膜,名詞,固有名詞,一般,*,生体膜,41
1451,0,主要,名詞,形容動詞語幹,*,*,主要,40
1453,0,構成,名詞,サ変接続,*,*,構成,36
1454,0,成分,名詞,一般,*,*,成分,38
1457,0,脂質,名詞,一般,*,*,脂質,38
1459,0,分類,名詞,サ変接続,*,*,分類,36
1461,0,構造,名詞,一般,*,*,構造,38
1463,0,機能,名詞,サ変接続,*,*,機能,36
1467,0,脂質,名詞,一般,*,*,脂質,38
1468,0,集合体,名詞,固有名詞,一般,*,集合体,41
1470,0,性質,名詞,一般,*,*,性質,38
1472,0,説明,名詞,サ変接続,*,*,説明,36
1473,0,できる,動詞,自立,*,*,できる,31
1475,0,生体膜,名詞,固有名詞,一般,*,生体膜,41
1477,0,構造,名詞,一般,*,*,構造,38
1479,0,機能,名詞,サ変接続,*,*,機能,36
1480,0,生体膜,名詞,固有名詞,一般,*,生体膜,41
1482,0,構造,名詞,一般,*,*,構造,38
1484,0,機能,名詞,サ変接続,*,*,機能,36
1486,0,膜タンパク質,名詞,固有名詞,一般,*,膜タンパク質,41
1488,0,構造,名詞,一般,*,*,構造,38
1490,0,機能,名詞,サ変接続,*,*,機能,36
1492,0,説明,名詞,サ変接続,*,*,説明,36
1493,0,できる,動詞,自立,*,*,できる,31
1495,0,リポタンパク質,名詞,固有名詞,一般,*,リポタンパク質,41
1497,0,性質,名詞,一般,*,*,性質,38
1498,0,リポタンパク質,名詞,固有名詞,一般,*,リポタンパク質,41
1500,0,性質,名詞,一般,*,*,性質,38
1503,0,生体膜,名詞,固有名詞,一般,*,生体膜,41
1505,0,物質,名詞,一般,*,*,物質,38
1506,0,輸送,名詞,サ変接続,*,*,輸送,36
1507,0,機構,名詞,一般,*,*,機構,38
1508,0,等,名詞,接尾,一般,*,等,51
1510,0,説明,名詞,サ変接続,*,*,説明,36
1511,0,できる,動詞,自立,*,*,できる,31
1513,0,酵素,名詞,一般,*,*,酵素,38
1515,0,構造,名詞,一般,*,*,構造,38
1517,0,機能,名詞,サ変接続,*,*,機能,36
1518,0,酵素,名詞,一般,*,*,酵素,38
1524,0,理解,名詞,サ変接続,*,*,理解,36
1527,0,酵素,名詞,一般,*,*,酵素,38
1529,0,基質特異性,名詞,固有名詞,一般,*,基質特異性,41
1531,0,補酵素,名詞,固有名詞,一般,*,補酵素,41
1533,0,酵素,名詞,一般,*,*,酵素,38
1534,0,活性,名詞,一般,*,*,活性,38
1536,0,調節,名詞,サ変接続,*,*,調節,36
1537,0,等,名詞,接尾,一般,*,等,51
1539,0,説明,名詞,サ変接続,*,*,説明,36
1540,0,できる,動詞,自立,*,*,できる,31
1542,0,酵素,名詞,一般,*,*,酵素,38
1544,0,触媒,名詞,一般,*,*,触媒,38
1545,0,機構,名詞,一般,*,*,機構,38
1546,0,酵素,名詞,一般,*,*,酵素,38
1548,0,触媒,名詞,一般,*,*,触媒,38
1549,0,機構,名詞,一般,*,*,機構,38
1552,0,化学,名詞,一般,*,*,化学,38
1553,0,触媒,名詞,一般,*,*,触媒,38
1555,0,機構,名詞,一般,*,*,機構,38
1557,0,理解,名詞,サ変接続,*,*,理解,36
1560,0,酵素,名詞,一般,*,*,酵素,38
1562,0,具体例,名詞,固有名詞,一般,*,具体例,41
1564,0,リゾチーム,名詞,固有名詞,一般,*,リゾチーム,41
1566,0,セリンプロテアーゼ,名詞,固有名詞,一般,*,セリンプロテアーゼ,41
1568,0,触媒,名詞,一般,*,*,触媒,38
1569,0,機構,名詞,一般,*,*,機構,38
1571,0,理解,名詞,サ変接続,*,*,理解,36
1574,0,説明,名詞,サ変接続,*,*,説明,36
1575,0,できる,動詞,自立,*,*,できる,31
1577,0,酵素反応,名詞,固有名詞,一般,*,酵素反応,41
1579,0,速度,名詞,一般,*,*,速度,38
1580,0,論,名詞,接尾,一般,*,論,51
1581,0,化学,名詞,一般,*,*,化学,38
1582,0,反応速度論,名詞,固有名詞,一般,*,反応速度論,41
1584,0,ミカエリス・メンテン式,名詞,固有名詞,一般,*,ミカエリス・メンテン式,41
1586,0,はじめ,名詞,副詞可能,*,*,はじめ,67
1589,0,酵素反応速度論,名詞,固有名詞,一般,*,酵素反応速度論,41
1591,0,酵素反応,名詞,固有名詞,一般,*,酵素反応,41
1593,0,阻害,名詞,サ変接続,*,*,阻害,36
1596,0,説明,名詞,サ変接続,*,*,説明,36
1597,0,できる,動詞,自立,*,*,できる,31
1599,0,アミノ酸,名詞,一般,*,*,アミノ酸,38
1601,0,構造,名詞,一般,*,*,構造,38
1603,0,性質,名詞,一般,*,*,性質,38
1604,0,タンパク質,名詞,一般,*,*,タンパク質,38
1606,0,構成,名詞,サ変接続,*,*,構成,36
1607,0,単位,名詞,一般,*,*,単位,38
1610,0,アミノ酸,名詞,一般,*,*,アミノ酸,38
1612,0,構造,名詞,一般,*,*,構造,38
1614,0,性質,名詞,一般,*,*,性質,38
1616,0,タンパク質,名詞,一般,*,*,タンパク質,38
1617,0,構造,名詞,一般,*,*,構造,38
1619,0,基本,名詞,一般,*,*,基本,38
1621,0,なる,動詞,自立,*,*,なる,31
1622,0,アミノ酸,名詞,一般,*,*,アミノ酸,38
1623,0,間,名詞,接尾,一般,*,間,51
1625,0,ペプチド結合,名詞,固有名詞,一般,*,ペプチド結合,41
1627,0,説明,名詞,サ変接続,*,*,説明,36
1628,0,できる,動詞,自立,*,*,できる,31
1630,0,タンパク質,名詞,一般,*,*,タンパク質,38
1632,0,研究,名詞,サ変接続,*,*,研究,36
1633,0,法,名詞,接尾,一般,*,法,51
1634,0,タンパク質,名詞,一般,*,*,タンパク質,38
1636,0,基本,名詞,一般,*,*,基本,38
1637,0,的,名詞,接尾,形容動詞語幹,*,的,52
1639,0,性質,名詞,一般,*,*,性質,38
1641,0,理解,名詞,サ変接続,*,*,理解,36
1644,0,各種,名詞,一般,*,*,各種,38
1645,0,クロマトグラフィー,名詞,固有名詞,一般,*,クロマトグラフィー,41
1647,0,単離,名詞,固有名詞,一般,*,単離,41
1648,0,精製,名詞,サ変接続,*,*,精製,36
1649,0,法,名詞,接尾,一般,*,法,51
1651,0,電気泳動,名詞,固有名詞,一般,*,電気泳動,41
1652,0,等,名詞,接尾,一般,*,等,51
1654,0,分析,名詞,サ変接続,*,*,分析,36
1655,0,法,名詞,接尾,一般,*,法,51
1657,0,説明,名詞,サ変接続,*,*,説明,36
1658,0,できる,動詞,自立,*,*,できる,31
1660,0,タンパク質,名詞,一般,*,*,タンパク質,38
1662,0,化学構造,名詞,固有名詞,一般,*,化学構造,41
1663,0,タンパク質,名詞,一般,*,*,タンパク質,38
1665,0,一次構造,名詞,固有名詞,一般,*,一次構造,41
1667,0,決定,名詞,サ変接続,*,*,決定,36
1668,0,法,名詞,接尾,一般,*,法,51
1670,0,ポリペプチド,名詞,固有名詞,一般,*,ポリペプチド,41
1672,0,化学合成,名詞,固有名詞,一般,*,化学合成,41
1673,0,法,名詞,接尾,一般,*,法,51
1675,0,説明,名詞,サ変接続,*,*,説明,36
1676,0,できる,動詞,自立,*,*,できる,31
1678,0,タンパク質,名詞,一般,*,*,タンパク質,38
1680,0,立体,名詞,一般,*,*,立体,38
1681,0,構造,名詞,一般,*,*,構造,38
1682,0,タンパク質,名詞,一般,*,*,タンパク質,38
1684,0,二次構造,名詞,固有名詞,一般,*,二次構造,41
1686,0,三次構造,名詞,固有名詞,一般,*,三次構造,41
1688,0,四次構造,名詞,固有名詞,一般,*,四次構造,41
1690,0,理解,名詞,サ変接続,*,*,理解,36
1693,0,高次,名詞,一般,*,*,高次,38
1694,0,構造,名詞,一般,*,*,構造,38
1696,0,安定性,名詞,固有名詞,一般,*,安定性,41
1698,0,寄与,名詞,サ変接続,*,*,寄与,36
1700,0,各種,名詞,一般,*,*,各種,38
1701,0,結合,名詞,サ変接続,*,*,結合,36
1703,0,説明,名詞,サ変接続,*,*,説明,36
1704,0,できる,動詞,自立,*,*,できる,31
1706,0,タンパク質,名詞,一般,*,*,タンパク質,38
1708,0,機能,名詞,サ変接続,*,*,機能,36
1709,0,発現,名詞,サ変接続,*,*,発現,36
1710,0,タンパク質,名詞,一般,*,*,タンパク質,38
1712,0,フォールディング,名詞,固有名詞,一般,*,フォールディング,41
1714,0,説明,名詞,サ変接続,*,*,説明,36
1715,0,でき,動詞,自立,*,*,できる,31
1718,0,ヘモグロビン,名詞,一般,*,*,ヘモグロビン,38
1720,0,例,名詞,一般,*,*,例,38
1722,0,タンパク質,名詞,一般,*,*,タンパク質,38
1724,0,構造,名詞,一般,*,*,構造,38
1726,0,機能,名詞,サ変接続,*,*,機能,36
1728,0,相関,名詞,サ変接続,*,*,相関,36
1730,0,理解,名詞,サ変接続,*,*,理解,36
1732,0,深める,動詞,自立,*,*,深める,31
1734,0,核酸,名詞,一般,*,*,核酸,38
1736,0,構造,名詞,一般,*,*,構造,38
1738,0,機能,名詞,サ変接続,*,*,機能,36
1739,0,核酸,名詞,一般,*,*,核酸,38
1741,0,化学構造,名詞,固有名詞,一般,*,化学構造,41
1743,0,理解,名詞,サ変接続,*,*,理解,36
1746,0,遺伝情報,名詞,固有名詞,一般,*,遺伝情報,41
1748,0,担い手,名詞,一般,*,*,担い手,38
1750,0,DNA,名詞,固有名詞,一般,*,DNA,41
1754,0,分かっ,動詞,自立,*,*,分かる,31
1756,0,経緯,名詞,一般,*,*,経緯,38
1759,0,DNA,名詞,固有名詞,一般,*,DNA,41
1761,0,立体,名詞,一般,*,*,立体,38
1762,0,構造,名詞,一般,*,*,構造,38
1764,0,説明,名詞,サ変接続,*,*,説明,36
1765,0,できる,動詞,自立,*,*,できる,31
1767,0,脂質,名詞,一般,*,*,脂質,38
1769,0,構造,名詞,一般,*,*,構造,38
1771,0,機能,名詞,サ変接続,*,*,機能,36
1772,0,生体膜,名詞,固有名詞,一般,*,生体膜,41
1774,0,主要,名詞,形容動詞語幹,*,*,主要,40
1776,0,構成,名詞,サ変接続,*,*,構成,36
1777,0,成分,名詞,一般,*,*,成分,38
1780,0,脂質,名詞,一般,*,*,脂質,38
1782,0,分類,名詞,サ変接続,*,*,分類,36
1784,0,構造,名詞,一般,*,*,構造,38
1786,0,機能,名詞,サ変接続,*,*,機能,36
1790,0,脂質,名詞,一般,*,*,脂質,38
1791,0,集合体,名詞,固有名詞,一般,*,集合体,41
1793,0,性質,名詞,一般,*,*,性質,38
1795,0,説明,名詞,サ変接続,*,*,説明,36
1796,0,できる,動詞,自立,*,*,できる,31
1798,0,生体膜,名詞,固有名詞,一般,*,生体膜,41
1800,0,構造,名詞,一般,*,*,構造,38
1802,0,機能,名詞,サ変接続,*,*,機能,36
1803,0,生体膜,名詞,固有名詞,一般,*,生体膜,41
1805,0,構造,名詞,一般,*,*,構造,38
1807,0,機能,名詞,サ変接続,*,*,機能,36
1809,0,膜タンパク質,名詞,固有名詞,一般,*,膜タンパク質,41
1811,0,構造,名詞,一般,*,*,構造,38
1813,0,機能,名詞,サ変接続,*,*,機能,36
1815,0,説明,名詞,サ変接続,*,*,説明,36
1816,0,できる,動詞,自立,*,*,できる,31
1818,0,リポタンパク質,名詞,固有名詞,一般,*,リポタンパク質,41
1820,0,性質,名詞,一般,*,*,性質,38
1821,0,リポタンパク質,名詞,固有名詞,一般,*,リポタンパク質,41
1823,0,性質,名詞,一般,*,*,性質,38
1826,0,生体膜,名詞,固有名詞,一般,*,生体膜,41
1828,0,物質,名詞,一般,*,*,物質,38
1829,0,輸送,名詞,サ変接続,*,*,輸送,36
1830,0,機構,名詞,一般,*,*,機構,38
1831,0,等,名詞,接尾,一般,*,等,51
1833,0,説明,名詞,サ変接続,*,*,説明,36
1834,0,できる,動詞,自立,*,*,できる,31
1836,0,酵素,名詞,一般,*,*,酵素,38
1838,0,構造,名詞,一般,*,*,構造,38
1840,0,機能,名詞,サ変接続,*,*,機能,36
1841,0,酵素,名詞,一般,*,*,酵素,38
1847,0,理解,名詞,サ変接続,*,*,理解,36
1850,0,酵素,名詞,一般,*,*,酵素,38
1852,0,基質特異性,名詞,固有名詞,一般,*,基質特異性,41
1854,0,補酵素,名詞,固有名詞,一般,*,補酵素,41
1856,0,酵素,名詞,一般,*,*,酵素,38
1857,0,活性,名詞,一般,*,*,活性,38
1859,0,調節,名詞,サ変接続,*,*,調節,36
1860,0,等,名詞,接尾,一般,*,等,51
1862,0,説明,名詞,サ変接続,*,*,説明,36
1863,0,できる,動詞,自立,*,*,できる,31
1865,0,酵素,名詞,一般,*,*,酵素,38
1867,0,触媒,名詞,一般,*,*,触媒,38
1868,0,機構,名詞,一般,*,*,機構,38
1869,0,酵素,名詞,一般,*,*,酵素,38
1871,0,触媒,名詞,一般,*,*,触媒,38
1872,0,機構,名詞,一般,*,*,機構,38
1875,0,化学,名詞,一般,*,*,化学,38
1876,0,触媒,名詞,一般,*,*,触媒,38
1878,0,機構,名詞,一般,*,*,機構,38
1880,0,理解,名詞,サ変接続,*,*,理解,36
1883,0,酵素,名詞,一般,*,*,酵素,38
1885,0,具体例,名詞,固有名詞,一般,*,具体例,41
1887,0,リゾチーム,名詞,固有名詞,一般,*,リゾチーム,41
1889,0,セリンプロテアーゼ,名詞,固有名詞,一般,*,セリンプロテアーゼ,41
1891,0,触媒,名詞,一般,*,*,触媒,38
1892,0,機構,名詞,一般,*,*,機構,38
1894,0,理解,名詞,サ変接続,*,*,理解,36
1897,0,説明,名詞,サ変接続,*,*,説明,36
1898,0,できる,動詞,自立,*,*,できる,31
1900,0,酵素反応,名詞,固有名詞,一般,*,酵素反応,41
1902,0,速度,名詞,一般,*,*,速度,38
1903,0,論,名詞,接尾,一般,*,論,51
1904,0,化学,名詞,一般,*,*,化学,38
1905,0,反応速度論,名詞,固有名詞,一般,*,反応速度論,41
1907,0,ミカエリス・メンテン式,名詞,固有名詞,一般,*,ミカエリス・メンテン式,41
1909,0,はじめ,名詞,副詞可能,*,*,はじめ,67
1912,0,酵素反応速度論,名詞,固有名詞,一般,*,酵素反応速度論,41
1914,0,酵素反応,名詞,固有名詞,一般,*,酵素反応,41
1916,0,阻害,名詞,サ変接続,*,*,阻害,36
1919,0,説明,名詞,サ変接続,*,*,説明,36
1920,0,できる,動詞,自立,*,*,できる,31
1922,0,遺伝子発現,名詞,固有名詞,一般,*,遺伝子発現,41
1924,0,制御,名詞,サ変接続,*,*,制御,36
1925,0,遺伝子,名詞,一般,*,*,遺伝子,38
1927,0,情報,名詞,一般,*,*,情報,38
1929,0,RNA,名詞,固有名詞,一般,*,RNA,41
1931,0,タンパク質,名詞,一般,*,*,タンパク質,38
1933,0,合成,名詞,サ変接続,*,*,合成,36
1935,0,指令,名詞,サ変接続,*,*,指令,36
1937,0,遺伝子発現,名詞,固有名詞,一般,*,遺伝子発現,41
1939,0,過程,名詞,一般,*,*,過程,38
1942,0,DNA,名詞,固有名詞,一般,*,DNA,41
1944,0,複製,名詞,サ変接続,*,*,複製,36
1945,0,過程,名詞,一般,*,*,過程,38
1947,0,説明,名詞,サ変接続,*,*,説明,36
1948,0,できる,動詞,自立,*,*,できる,31
1950,0,核酸,名詞,一般,*,*,核酸,38
1952,0,研究,名詞,サ変接続,*,*,研究,36
1953,0,法,名詞,接尾,一般,*,法,51
1955,0,遺伝子工学,名詞,固有名詞,一般,*,遺伝子工学,41
1956,0,DNA,名詞,固有名詞,一般,*,DNA,41
1957,0,塩基配列,名詞,固有名詞,一般,*,塩基配列,41
1958,0,決定,名詞,サ変接続,*,*,決定,36
1959,0,法,名詞,接尾,一般,*,法,51
1961,0,電気泳動,名詞,固有名詞,一般,*,電気泳動,41
1962,0,等,名詞,接尾,一般,*,等,51
1963,0,核酸,名詞,一般,*,*,核酸,38
1965,0,分析,名詞,サ変接続,*,*,分析,36
1966,0,法,名詞,接尾,一般,*,法,51
1969,0,遺伝子工学,名詞,固有名詞,一般,*,遺伝子工学,41
1971,0,基礎,名詞,一般,*,*,基礎,38
1973,0,説明,名詞,サ変接続,*,*,説明,36
1974,0,できる,動詞,自立,*,*,できる,31
1976,0,糖,名詞,一般,*,*,糖,38
1978,0,構造,名詞,一般,*,*,構造,38
1980,0,機能,名詞,サ変接続,*,*,機能,36
1981,0,生体,名詞,一般,*,*,生体,38
1983,0,必須,名詞,形容動詞語幹,*,*,必須,40
1985,0,最も,副詞,一般,*,*,最も,34
1986,0,量,名詞,一般,*,*,量,38
1988,0,多い,形容詞,自立,*,*,多い,10
1989,0,糖,名詞,一般,*,*,糖,38
1991,0,基本単位,名詞,固有名詞,一般,*,基本単位,41
1994,0,単糖,名詞,固有名詞,一般,*,単糖,41
1998,0,重合体,名詞,固有名詞,一般,*,重合体,41
2001,0,多糖,名詞,固有名詞,一般,*,多糖,41
2003,0,構造,名詞,一般,*,*,構造,38
2005,0,機能,名詞,サ変接続,*,*,機能,36
2007,0,説明,名詞,サ変接続,*,*,説明,36
2008,0,できる,動詞,自立,*,*,できる,31
